Duration (s),Speaker,start_ms,end_ms
2003,SPEAKER_01,263,2266
4635,SPEAKER_01,19227,23862
713,SPEAKER_00,23862,24575
781,SPEAKER_01,24660,25441
1002,SPEAKER_01,26188,27190
1969,SPEAKER_00,27190,29159
5450,SPEAKER_01,29499,34949
9100,SPEAKER_01,35288,44388
2105,SPEAKER_00,44932,47037
3616,SPEAKER_01,47156,50772
3396,SPEAKER_01,51179,54575
3549,SPEAKER_00,55288,58837
3498,SPEAKER_01,57308,60806
340,SPEAKER_00,60806,61146
1290,SPEAKER_01,61146,62436
34,SPEAKER_00,61179,61213
1477,SPEAKER_00,62487,63964
3905,SPEAKER_01,63098,67003
1613,SPEAKER_01,68378,69991
68,SPEAKER_00,69889,69957
1188,SPEAKER_00,69974,71162
2461,SPEAKER_01,71893,74354
1545,SPEAKER_01,75067,76612
2479,SPEAKER_01,77054,79533
1545,SPEAKER_00,79142,80687
1970,SPEAKER_01,79889,81859
4431,SPEAKER_01,82249,86680
5059,SPEAKER_00,87105,92164
4873,SPEAKER_01,92164,97037
611,SPEAKER_00,97122,97733
1189,SPEAKER_01,97648,98837
1952,SPEAKER_00,97988,99940
2105,SPEAKER_01,104762,106867
1596,SPEAKER_01,107037,108633
5110,SPEAKER_01,109312,114422
1239,SPEAKER_01,114660,115899
5110,SPEAKER_00,116222,121332
3140,SPEAKER_01,121112,124252
1936,SPEAKER_00,123726,125662
7267,SPEAKER_01,126103,133370
170,SPEAKER_00,132860,133030
849,SPEAKER_00,133149,133998
1952,SPEAKER_01,135458,137410
3361,SPEAKER_01,137954,141315
3464,SPEAKER_00,141451,144915
4364,SPEAKER_01,144422,148786
475,SPEAKER_00,145458,145933
305,SPEAKER_00,147207,147512
2445,SPEAKER_00,148429,150874
441,SPEAKER_01,150857,151298
1342,SPEAKER_00,151298,152640
3684,SPEAKER_00,153438,157122
1257,SPEAKER_01,156799,158056
628,SPEAKER_00,158056,158684
2478,SPEAKER_00,159448,161926
1562,SPEAKER_00,162181,163743
5721,SPEAKER_00,163913,169634
1426,SPEAKER_00,170382,171808
1868,SPEAKER_01,172096,173964
14465,SPEAKER_00,173964,188429
509,SPEAKER_01,181587,182096
6401,SPEAKER_01,188157,194558
2122,SPEAKER_01,194830,196952
4312,SPEAKER_00,197139,201451
2971,SPEAKER_01,200585,203556
1528,SPEAKER_00,203573,205101
526,SPEAKER_01,205305,205831
306,SPEAKER_01,208208,208514
951,SPEAKER_00,208514,209465
1392,SPEAKER_00,211061,212453
1562,SPEAKER_00,213879,215441
102,SPEAKER_00,216001,216103
34,SPEAKER_01,216680,216714
1189,SPEAKER_00,216714,217903
17,SPEAKER_01,217903,217920
2054,SPEAKER_00,218837,220891
1069,SPEAKER_00,221010,222079
8149,SPEAKER_01,221112,229261
7317,SPEAKER_01,229516,236833
3361,SPEAKER_01,237818,241179
6095,SPEAKER_00,241570,247665
9338,SPEAKER_00,247954,257292
2580,SPEAKER_00,257818,260398
527,SPEAKER_01,260398,260925
11273,SPEAKER_00,260925,272198
51,SPEAKER_01,260942,260993
340,SPEAKER_01,272198,272538
9456,SPEAKER_01,273251,282707
7878,SPEAKER_01,283471,291349
7861,SPEAKER_01,291468,299329
866,SPEAKER_00,298225,299091
11528,SPEAKER_01,299651,311179
2699,SPEAKER_01,311757,314456
509,SPEAKER_00,314864,315373
2156,SPEAKER_00,316001,318157
6248,SPEAKER_00,318497,324745
696,SPEAKER_01,324660,325356
5093,SPEAKER_00,325441,330534
645,SPEAKER_01,330280,330925
492,SPEAKER_00,331502,331994
2954,SPEAKER_01,331519,334473
238,SPEAKER_00,333862,334100
2207,SPEAKER_00,334473,336680
425,SPEAKER_01,336578,337003
17,SPEAKER_00,337003,337020
5076,SPEAKER_00,337241,342317
12529,SPEAKER_00,342572,355101
577,SPEAKER_01,354490,355067
2988,SPEAKER_00,355764,358752
119,SPEAKER_01,356833,356952
34,SPEAKER_01,356969,357003
2275,SPEAKER_00,359516,361791
781,SPEAKER_01,361791,362572
14228,SPEAKER_00,362877,377105
594,SPEAKER_01,364728,365322
1562,SPEAKER_01,377308,378870
221,SPEAKER_00,379040,379261
11358,SPEAKER_01,379465,390823
220,SPEAKER_01,391010,391230
271,SPEAKER_00,391027,391298
323,SPEAKER_01,391298,391621
5230,SPEAKER_00,392045,397275
561,SPEAKER_01,396544,397105
6910,SPEAKER_01,397818,404728
1918,SPEAKER_00,404881,406799
4211,SPEAKER_00,407393,411604
2819,SPEAKER_00,411960,414779
645,SPEAKER_01,415237,415882
5161,SPEAKER_00,416256,421417
628,SPEAKER_01,421468,422096
4924,SPEAKER_00,422181,427105
441,SPEAKER_01,427105,427546
1137,SPEAKER_01,428022,429159
6995,SPEAKER_00,429702,436697
441,SPEAKER_00,437801,438242
3056,SPEAKER_01,437869,440925
595,SPEAKER_00,441213,441808
747,SPEAKER_01,441213,441960
1155,SPEAKER_00,441960,443115
458,SPEAKER_01,443064,443522
85,SPEAKER_00,443522,443607
3463,SPEAKER_00,444219,447682
628,SPEAKER_01,447529,448157
1443,SPEAKER_00,448327,449770
3378,SPEAKER_01,450093,453471
713,SPEAKER_00,452674,453387
4958,SPEAKER_00,453471,458429
458,SPEAKER_01,457665,458123
1358,SPEAKER_01,458429,459787
11155,SPEAKER_00,460551,471706
2513,SPEAKER_00,472402,474915
730,SPEAKER_01,474813,475543
2869,SPEAKER_00,475543,478412
832,SPEAKER_01,478616,479448
1376,SPEAKER_00,480432,481808
1070,SPEAKER_01,481315,482385
3260,SPEAKER_00,483132,486392
2835,SPEAKER_01,486392,489227
748,SPEAKER_01,489617,490365
7063,SPEAKER_00,490772,497835
543,SPEAKER_01,493234,493777
4669,SPEAKER_01,496646,501315
5467,SPEAKER_00,501774,507241
1240,SPEAKER_01,504405,505645
3514,SPEAKER_01,506884,510398
374,SPEAKER_00,510738,511112
475,SPEAKER_01,511112,511587
34,SPEAKER_00,511587,511621
560,SPEAKER_00,511655,512215
4533,SPEAKER_00,512487,517020
1867,SPEAKER_01,516392,518259
289,SPEAKER_00,518412,518701
1460,SPEAKER_00,519108,520568
5450,SPEAKER_00,522572,528022
9491,SPEAKER_00,528582,538073
1477,SPEAKER_01,538157,539634
306,SPEAKER_00,539685,539991
187,SPEAKER_01,539702,539889
17,SPEAKER_01,539991,540008
238,SPEAKER_00,540008,540246
11426,SPEAKER_00,540925,552351
492,SPEAKER_01,552453,552945
509,SPEAKER_00,553098,553607
1698,SPEAKER_00,553930,555628
2071,SPEAKER_00,555730,557801
407,SPEAKER_01,556290,556697
407,SPEAKER_00,558480,558887
2699,SPEAKER_00,559278,561977
1052,SPEAKER_01,561842,562894
7691,SPEAKER_00,562945,570636
289,SPEAKER_01,565135,565424
170,SPEAKER_00,570942,571112
203,SPEAKER_01,571112,571315
3583,SPEAKER_00,571315,574898
2462,SPEAKER_00,575203,577665
1410,SPEAKER_00,578174,579584
7029,SPEAKER_00,580025,587054
2038,SPEAKER_01,587478,589516
5246,SPEAKER_00,589974,595220
1936,SPEAKER_00,596086,598022
3090,SPEAKER_01,598327,601417
1851,SPEAKER_00,601485,603336
1002,SPEAKER_01,603081,604083
3005,SPEAKER_00,604609,607614
441,SPEAKER_01,607903,608344
4278,SPEAKER_00,608735,613013
3480,SPEAKER_01,613132,616612
373,SPEAKER_01,617190,617563
781,SPEAKER_01,618276,619057
68,SPEAKER_01,619227,619295
34,SPEAKER_00,619295,619329
34,SPEAKER_01,619329,619363
221,SPEAKER_00,619363,619584
2376,SPEAKER_01,619584,621960
866,SPEAKER_00,621434,622300
2020,SPEAKER_01,622674,624694
2717,SPEAKER_00,625050,627767
866,SPEAKER_01,627767,628633
4856,SPEAKER_00,628870,633726
340,SPEAKER_01,631977,632317
442,SPEAKER_01,633471,633913
1630,SPEAKER_01,634813,636443
3701,SPEAKER_01,636884,640585
883,SPEAKER_00,639719,640602
17,SPEAKER_01,640602,640619
6775,SPEAKER_00,641247,648022
3446,SPEAKER_01,648056,651502
3973,SPEAKER_00,651960,655933
1018,SPEAKER_00,656307,657325
543,SPEAKER_01,657614,658157
1307,SPEAKER_00,658344,659651
1222,SPEAKER_01,658837,660059
2054,SPEAKER_00,660059,662113
14516,SPEAKER_00,662792,677308
1460,SPEAKER_01,664728,666188
34,SPEAKER_01,669940,669974
17,SPEAKER_01,670008,670025
2904,SPEAKER_01,676697,679601
254,SPEAKER_00,678633,678887
2462,SPEAKER_00,680144,682606
865,SPEAKER_01,682606,683471
1120,SPEAKER_00,683981,685101
3192,SPEAKER_01,685101,688293
849,SPEAKER_00,688378,689227
1426,SPEAKER_00,690229,691655
8574,SPEAKER_00,692028,700602
340,SPEAKER_01,697563,697903
85,SPEAKER_01,697920,698005
1171,SPEAKER_01,699601,700772
2615,SPEAKER_00,701332,703947
255,SPEAKER_01,703556,703811
4465,SPEAKER_00,704405,708870
12071,SPEAKER_00,709091,721162
408,SPEAKER_00,722198,722606
5586,SPEAKER_00,723081,728667
13566,SPEAKER_00,728972,742538
6061,SPEAKER_00,742674,748735
238,SPEAKER_01,747767,748005
4873,SPEAKER_00,749312,754185
1698,SPEAKER_01,754745,756443
4449,SPEAKER_00,756561,761010
475,SPEAKER_01,759210,759685
645,SPEAKER_01,760144,760789
2614,SPEAKER_00,761638,764252
1087,SPEAKER_01,764252,765339
4805,SPEAKER_00,765237,770042
1002,SPEAKER_01,769651,770653
3073,SPEAKER_00,770653,773726
5076,SPEAKER_00,774032,779108
4924,SPEAKER_01,778887,783811
459,SPEAKER_00,779634,780093
1867,SPEAKER_00,783930,785797
882,SPEAKER_01,785764,786646
3684,SPEAKER_00,787546,791230
8099,SPEAKER_01,791485,799584
12139,SPEAKER_01,800008,812147
8828,SPEAKER_01,812572,821400
4855,SPEAKER_00,820925,825780
611,SPEAKER_01,822894,823505
4448,SPEAKER_01,825730,830178
8353,SPEAKER_01,830602,838955
7860,SPEAKER_01,839448,847308
340,SPEAKER_01,848123,848463
2648,SPEAKER_01,848735,851383
7199,SPEAKER_01,852198,859397
7318,SPEAKER_01,859838,867156
1188,SPEAKER_00,867156,868344
492,SPEAKER_01,867190,867682
7997,SPEAKER_01,868344,876341
7182,SPEAKER_01,876901,884083
8031,SPEAKER_01,884575,892606
6604,SPEAKER_00,892691,899295
1596,SPEAKER_01,897631,899227
4941,SPEAKER_01,899889,904830
475,SPEAKER_01,905475,905950
7386,SPEAKER_01,906816,914202
3175,SPEAKER_01,914558,917733
3175,SPEAKER_01,918157,921332
7317,SPEAKER_00,921621,928938
543,SPEAKER_01,922589,923132
1324,SPEAKER_00,929516,930840
1069,SPEAKER_01,930925,931994
13565,SPEAKER_01,932402,945967
3073,SPEAKER_01,946765,949838
679,SPEAKER_00,949278,949957
730,SPEAKER_01,950551,951281
4873,SPEAKER_01,952147,957020
2988,SPEAKER_01,957512,960500
390,SPEAKER_01,960823,961213
356,SPEAKER_00,961672,962028
5263,SPEAKER_01,962385,967648
1256,SPEAKER_01,968039,969295
5552,SPEAKER_01,969736,975288
2394,SPEAKER_00,976290,978684
5229,SPEAKER_01,978378,983607
5637,SPEAKER_01,983845,989482
238,SPEAKER_00,985441,985679
8031,SPEAKER_01,989685,997716
356,SPEAKER_00,997750,998106
781,SPEAKER_01,998242,999023
679,SPEAKER_01,999346,1000025
441,SPEAKER_01,1000161,1000602
4295,SPEAKER_00,1000195,1004490
1222,SPEAKER_01,1004100,1005322
9949,SPEAKER_01,1005458,1015407
2564,SPEAKER_01,1016035,1018599
12072,SPEAKER_00,1018955,1031027
849,SPEAKER_01,1026154,1027003
2207,SPEAKER_01,1030246,1032453
1461,SPEAKER_01,1032758,1034219
8692,SPEAKER_01,1034779,1043471
2699,SPEAKER_01,1044185,1046884
3209,SPEAKER_01,1047376,1050585
2547,SPEAKER_01,1051179,1053726
985,SPEAKER_01,1054558,1055543
2496,SPEAKER_01,1055865,1058361
6468,SPEAKER_01,1059567,1066035
7470,SPEAKER_01,1066477,1073947
3871,SPEAKER_01,1074643,1078514
9338,SPEAKER_01,1078887,1088225
238,SPEAKER_00,1088225,1088463
51,SPEAKER_01,1088463,1088514
1511,SPEAKER_01,1088820,1090331
2835,SPEAKER_01,1090823,1093658
1070,SPEAKER_01,1093930,1095000
5569,SPEAKER_01,1095288,1100857
5840,SPEAKER_01,1101706,1107546
3039,SPEAKER_01,1108293,1111332
459,SPEAKER_00,1111332,1111791
1035,SPEAKER_01,1111774,1112809
5009,SPEAKER_01,1113013,1118022
6927,SPEAKER_01,1118803,1125730
1376,SPEAKER_00,1125050,1126426
492,SPEAKER_01,1126137,1126629
4805,SPEAKER_01,1127037,1131842
1290,SPEAKER_00,1131842,1133132
3634,SPEAKER_01,1132113,1135747
3073,SPEAKER_00,1135848,1138921
2700,SPEAKER_01,1138921,1141621
5246,SPEAKER_00,1141876,1147122
1545,SPEAKER_01,1146935,1148480
1816,SPEAKER_00,1148582,1150398
9202,SPEAKER_01,1151247,1160449
2343,SPEAKER_00,1160449,1162792
1410,SPEAKER_01,1162792,1164202
1732,SPEAKER_01,1164269,1166001
7861,SPEAKER_01,1166765,1174626
679,SPEAKER_00,1171468,1172147
12462,SPEAKER_01,1175203,1187665
730,SPEAKER_00,1187920,1188650
509,SPEAKER_01,1188022,1188531
6553,SPEAKER_01,1188650,1195203
34,SPEAKER_01,1195237,1195271
306,SPEAKER_01,1195322,1195628
6605,SPEAKER_01,1196629,1203234
2106,SPEAKER_00,1203556,1205662
425,SPEAKER_01,1205203,1205628
34,SPEAKER_01,1205662,1205696
2512,SPEAKER_01,1207258,1209770
10730,SPEAKER_01,1210059,1220789
10646,SPEAKER_01,1221213,1231859
4601,SPEAKER_01,1232809,1237410
3311,SPEAKER_01,1238174,1241485
4805,SPEAKER_01,1242028,1246833
68,SPEAKER_01,1246850,1246918
10067,SPEAKER_01,1247275,1257342
7504,SPEAKER_01,1257682,1265186
4873,SPEAKER_01,1265390,1270263
2632,SPEAKER_01,1271383,1274015
1511,SPEAKER_01,1274269,1275780
408,SPEAKER_00,1275780,1276188
2547,SPEAKER_01,1276188,1278735
408,SPEAKER_00,1278259,1278667
17,SPEAKER_00,1278735,1278752
5705,SPEAKER_01,1279261,1284966
6486,SPEAKER_01,1285118,1291604
1511,SPEAKER_01,1291621,1293132
6927,SPEAKER_01,1293743,1300670
323,SPEAKER_00,1295169,1295492
8388,SPEAKER_01,1301196,1309584
2819,SPEAKER_01,1309804,1312623
3820,SPEAKER_00,1312758,1316578
441,SPEAKER_01,1313098,1313539
5654,SPEAKER_01,1316578,1322232
7012,SPEAKER_00,1322419,1329431
527,SPEAKER_01,1322894,1323421
5789,SPEAKER_01,1329431,1335220
2122,SPEAKER_00,1336069,1338191
1545,SPEAKER_01,1338225,1339770
4024,SPEAKER_00,1340670,1344694
560,SPEAKER_01,1341129,1341689
391,SPEAKER_01,1345254,1345645
1307,SPEAKER_01,1346188,1347495
4669,SPEAKER_01,1348242,1352911
391,SPEAKER_00,1352249,1352640
544,SPEAKER_00,1353556,1354100
2191,SPEAKER_01,1353573,1355764
16,SPEAKER_00,1355764,1355780
7182,SPEAKER_00,1355814,1362996
5399,SPEAKER_01,1362402,1367801
13735,SPEAKER_00,1367903,1381638
373,SPEAKER_01,1372606,1372979
4703,SPEAKER_01,1381044,1385747
4703,SPEAKER_00,1386392,1391095
4771,SPEAKER_01,1390857,1395628
3786,SPEAKER_01,1396290,1400076
5331,SPEAKER_01,1400534,1405865
6078,SPEAKER_00,1406307,1412385
85,SPEAKER_01,1408395,1408480
51,SPEAKER_01,1412249,1412300
187,SPEAKER_01,1412385,1412572
17,SPEAKER_00,1412572,1412589
51,SPEAKER_01,1412589,1412640
814,SPEAKER_01,1412674,1413488
611,SPEAKER_00,1414185,1414796
2105,SPEAKER_01,1414915,1417020
441,SPEAKER_01,1418005,1418446
2343,SPEAKER_01,1419057,1421400
3549,SPEAKER_01,1421960,1425509
492,SPEAKER_00,1423336,1423828
612,SPEAKER_01,1425865,1426477
9966,SPEAKER_01,1427003,1436969
5840,SPEAKER_01,1437173,1443013
2462,SPEAKER_01,1443896,1446358
4686,SPEAKER_01,1446935,1451621
9712,SPEAKER_01,1451994,1461706
2343,SPEAKER_00,1462572,1464915
6672,SPEAKER_01,1465662,1472334
611,SPEAKER_00,1468429,1469040
5602,SPEAKER_01,1472504,1478106
3192,SPEAKER_01,1478497,1481689
306,SPEAKER_00,1482011,1482317
17,SPEAKER_00,1482928,1482945
51,SPEAKER_01,1482945,1482996
204,SPEAKER_00,1482996,1483200
1273,SPEAKER_01,1483200,1484473
17,SPEAKER_00,1484473,1484490
7114,SPEAKER_00,1484524,1491638
730,SPEAKER_01,1491213,1491943
153,SPEAKER_00,1492113,1492266
9796,SPEAKER_01,1492657,1502453
9100,SPEAKER_00,1502996,1512096
442,SPEAKER_01,1508887,1509329
391,SPEAKER_01,1511315,1511706
3870,SPEAKER_00,1512674,1516544
441,SPEAKER_01,1516358,1516799
2020,SPEAKER_00,1516918,1518938
3990,SPEAKER_00,1519227,1523217
4466,SPEAKER_00,1524235,1528701
8370,SPEAKER_00,1529210,1537580
594,SPEAKER_01,1536901,1537495
2869,SPEAKER_01,1537903,1540772
2580,SPEAKER_00,1540382,1542962
2360,SPEAKER_01,1542555,1544915
4381,SPEAKER_00,1545203,1549584
560,SPEAKER_01,1549193,1549753
611,SPEAKER_01,1549940,1550551
662,SPEAKER_00,1550806,1551468
1120,SPEAKER_01,1550840,1551960
16096,SPEAKER_00,1551960,1568056
458,SPEAKER_01,1555662,1556120
1291,SPEAKER_01,1558191,1559482
84,SPEAKER_01,1565747,1565831
883,SPEAKER_01,1567886,1568769
2530,SPEAKER_00,1568938,1571468
5993,SPEAKER_00,1571876,1577869
866,SPEAKER_00,1578650,1579516
441,SPEAKER_01,1579516,1579957
1749,SPEAKER_00,1579991,1581740
1052,SPEAKER_01,1581740,1582792
1715,SPEAKER_00,1582385,1584100
339,SPEAKER_01,1584015,1584354
578,SPEAKER_00,1584422,1585000
3345,SPEAKER_00,1585169,1588514
442,SPEAKER_01,1588310,1588752
322,SPEAKER_00,1588752,1589074
5348,SPEAKER_00,1589719,1595067
1274,SPEAKER_01,1595203,1596477
1018,SPEAKER_00,1596409,1597427
340,SPEAKER_01,1596799,1597139
3736,SPEAKER_01,1597410,1601146
4889,SPEAKER_00,1601910,1606799
493,SPEAKER_01,1606714,1607207
4754,SPEAKER_00,1607444,1612198
1409,SPEAKER_00,1612470,1613879
5807,SPEAKER_00,1614422,1620229
3073,SPEAKER_00,1620806,1623879
1664,SPEAKER_00,1624456,1626120
458,SPEAKER_01,1626171,1626629
7929,SPEAKER_00,1626629,1634558
543,SPEAKER_01,1634660,1635203
4041,SPEAKER_00,1635203,1639244
1630,SPEAKER_00,1639634,1641264
5026,SPEAKER_00,1642028,1647054
4873,SPEAKER_00,1647410,1652283
391,SPEAKER_00,1652928,1653319
560,SPEAKER_00,1653811,1654371
951,SPEAKER_00,1655305,1656256
1630,SPEAKER_00,1656765,1658395
747,SPEAKER_01,1658701,1659448
14855,SPEAKER_00,1660297,1675152
543,SPEAKER_01,1674677,1675220
1240,SPEAKER_01,1675848,1677088
5009,SPEAKER_00,1677648,1682657
5993,SPEAKER_00,1683438,1689431
578,SPEAKER_01,1689685,1690263
11749,SPEAKER_00,1690857,1702606
866,SPEAKER_01,1697733,1698599
1409,SPEAKER_01,1702606,1704015
9966,SPEAKER_00,1704134,1714100
441,SPEAKER_01,1707903,1708344
6741,SPEAKER_01,1713505,1720246
34,SPEAKER_01,1720398,1720432
323,SPEAKER_00,1720432,1720755
5281,SPEAKER_00,1721162,1726443
4024,SPEAKER_00,1727003,1731027
5535,SPEAKER_00,1731315,1736850
17,SPEAKER_00,1736884,1736901
458,SPEAKER_01,1736901,1737359
4736,SPEAKER_00,1738039,1742775
170,SPEAKER_01,1740415,1740585
51,SPEAKER_01,1742317,1742368
475,SPEAKER_01,1742589,1743064
2835,SPEAKER_00,1743064,1745899
561,SPEAKER_01,1746544,1747105
1341,SPEAKER_00,1747258,1748599
1069,SPEAKER_00,1748718,1749787
1851,SPEAKER_01,1749787,1751638
560,SPEAKER_00,1750755,1751315
1919,SPEAKER_00,1751994,1753913
2750,SPEAKER_01,1753302,1756052
1290,SPEAKER_01,1756256,1757546
238,SPEAKER_00,1756273,1756511
2785,SPEAKER_00,1757546,1760331
1664,SPEAKER_00,1760602,1762266
2071,SPEAKER_01,1762266,1764337
51,SPEAKER_00,1764337,1764388
577,SPEAKER_00,1764490,1765067
1477,SPEAKER_00,1765356,1766833
12529,SPEAKER_00,1768073,1780602
7573,SPEAKER_00,1781179,1788752
951,SPEAKER_01,1788259,1789210
645,SPEAKER_01,1790008,1790653
1545,SPEAKER_00,1791536,1793081
713,SPEAKER_00,1793743,1794456
3769,SPEAKER_00,1795152,1798921
475,SPEAKER_01,1798820,1799295
18064,SPEAKER_00,1799295,1817359
1935,SPEAKER_01,1817988,1819923
2869,SPEAKER_00,1819974,1822843
3361,SPEAKER_01,1821740,1825101
17,SPEAKER_00,1825101,1825118
17,SPEAKER_01,1825118,1825135
543,SPEAKER_00,1825594,1826137
2224,SPEAKER_00,1826358,1828582
509,SPEAKER_01,1829295,1829804
255,SPEAKER_00,1830076,1830331
6791,SPEAKER_00,1831112,1837903
10900,SPEAKER_00,1838276,1849176
391,SPEAKER_01,1840517,1840908
424,SPEAKER_01,1846901,1847325
696,SPEAKER_01,1848446,1849142
645,SPEAKER_00,1850076,1850721
5925,SPEAKER_00,1851027,1856952
2632,SPEAKER_01,1856901,1859533
696,SPEAKER_00,1857190,1857886
10832,SPEAKER_00,1859617,1870449
323,SPEAKER_01,1864575,1864898
2428,SPEAKER_01,1869380,1871808
2055,SPEAKER_00,1871383,1873438
544,SPEAKER_00,1873590,1874134
1545,SPEAKER_00,1874439,1875984
441,SPEAKER_01,1876307,1876748
3463,SPEAKER_00,1876324,1879787
458,SPEAKER_01,1877292,1877750
3582,SPEAKER_00,1880161,1883743
832,SPEAKER_01,1883777,1884609
3073,SPEAKER_00,1884252,1887325
577,SPEAKER_00,1887852,1888429
3447,SPEAKER_00,1889091,1892538
6740,SPEAKER_00,1893132,1899872
3260,SPEAKER_00,1900738,1903998
5501,SPEAKER_00,1904235,1909736
628,SPEAKER_01,1908242,1908870
4279,SPEAKER_01,1909702,1913981
10102,SPEAKER_00,1914490,1924592
680,SPEAKER_01,1919617,1920297
339,SPEAKER_01,1920993,1921332
374,SPEAKER_01,1924592,1924966
17,SPEAKER_00,1924966,1924983
1783,SPEAKER_00,1925016,1926799
967,SPEAKER_00,1927954,1928921
2394,SPEAKER_00,1929448,1931842
4364,SPEAKER_01,1932809,1937173
4618,SPEAKER_01,1937716,1942334
2869,SPEAKER_00,1941604,1944473
7215,SPEAKER_01,1943421,1950636
6860,SPEAKER_01,1951162,1958022
6689,SPEAKER_01,1958480,1965169
9456,SPEAKER_01,1965577,1975033
5093,SPEAKER_01,1975356,1980449
1392,SPEAKER_01,1980704,1982096
7334,SPEAKER_01,1982504,1989838
16825,SPEAKER_01,1990195,2007020
1257,SPEAKER_00,2003556,2004813
543,SPEAKER_01,2007275,2007818
3243,SPEAKER_01,2008412,2011655
8710,SPEAKER_00,2011655,2020365
697,SPEAKER_01,2019651,2020348
4924,SPEAKER_00,2020619,2025543
544,SPEAKER_01,2023607,2024151
3990,SPEAKER_01,2026103,2030093
4907,SPEAKER_01,2030636,2035543
7725,SPEAKER_01,2036001,2043726
2665,SPEAKER_01,2044202,2046867
764,SPEAKER_00,2046986,2047750
17,SPEAKER_01,2047037,2047054
407,SPEAKER_01,2047190,2047597
3073,SPEAKER_01,2048039,2051112
3650,SPEAKER_01,2051400,2055050
3158,SPEAKER_01,2055475,2058633
17,SPEAKER_00,2059125,2059142
526,SPEAKER_01,2059142,2059668
340,SPEAKER_00,2059193,2059533
8897,SPEAKER_01,2059940,2068837
3209,SPEAKER_01,2069057,2072266
4074,SPEAKER_01,2072521,2076595
6146,SPEAKER_01,2076969,2083115
1290,SPEAKER_01,2083964,2085254
5772,SPEAKER_01,2085594,2091366
475,SPEAKER_00,2091451,2091926
17,SPEAKER_01,2091757,2091774
1036,SPEAKER_01,2092385,2093421
3667,SPEAKER_00,2094524,2098191
34,SPEAKER_01,2097801,2097835
4720,SPEAKER_00,2098276,2102996
2224,SPEAKER_00,2103302,2105526
2003,SPEAKER_01,2105492,2107495
21273,SPEAKER_00,2107937,2129210
187,SPEAKER_01,2112911,2113098
544,SPEAKER_01,2129719,2130263
611,SPEAKER_01,2130670,2131281
357,SPEAKER_00,2131281,2131638
10204,SPEAKER_00,2131926,2142130
390,SPEAKER_01,2142538,2142928
526,SPEAKER_01,2143200,2143726
288,SPEAKER_00,2144117,2144405
747,SPEAKER_01,2144762,2145509
441,SPEAKER_00,2146222,2146663
322,SPEAKER_01,2147003,2147325
628,SPEAKER_00,2147597,2148225
2496,SPEAKER_00,2148497,2150993
645,SPEAKER_01,2150942,2151587
4856,SPEAKER_01,2151621,2156477
458,SPEAKER_00,2156273,2156731
3293,SPEAKER_00,2157224,2160517
1986,SPEAKER_01,2159346,2161332
4058,SPEAKER_01,2161638,2165696
1087,SPEAKER_01,2165814,2166901
2020,SPEAKER_00,2167071,2169091
612,SPEAKER_01,2168904,2169516
663,SPEAKER_01,2170432,2171095
1019,SPEAKER_01,2171230,2172249
5398,SPEAKER_01,2172691,2178089
5076,SPEAKER_01,2178650,2183726
204,SPEAKER_00,2183726,2183930
713,SPEAKER_01,2183930,2184643
3294,SPEAKER_01,2185458,2188752
4278,SPEAKER_01,2189533,2193811
7623,SPEAKER_01,2194388,2202011
1103,SPEAKER_00,2201638,2202741
340,SPEAKER_01,2202215,2202555
10781,SPEAKER_01,2203828,2214609
4805,SPEAKER_00,2215220,2220025
4516,SPEAKER_01,2220042,2224558
2614,SPEAKER_01,2224932,2227546
1613,SPEAKER_01,2228174,2229787
3209,SPEAKER_00,2229991,2233200
1664,SPEAKER_01,2233285,2234949
1070,SPEAKER_01,2235390,2236460
4159,SPEAKER_00,2237037,2241196
1646,SPEAKER_01,2238056,2239702
4347,SPEAKER_01,2241315,2245662
1562,SPEAKER_01,2246561,2248123
6639,SPEAKER_01,2248904,2255543
1409,SPEAKER_01,2256120,2257529
2157,SPEAKER_01,2258208,2260365
5246,SPEAKER_01,2260993,2266239
3277,SPEAKER_01,2266629,2269906
578,SPEAKER_00,2270568,2271146
1868,SPEAKER_01,2270585,2272453
289,SPEAKER_01,2272826,2273115
391,SPEAKER_01,2273590,2273981
6486,SPEAKER_01,2274354,2280840
1443,SPEAKER_01,2281570,2283013
8065,SPEAKER_01,2283471,2291536
2717,SPEAKER_01,2292045,2294762
1884,SPEAKER_01,2294932,2296816
4024,SPEAKER_01,2296901,2300925
1868,SPEAKER_01,2301536,2303404
1053,SPEAKER_01,2303471,2304524
4431,SPEAKER_01,2305662,2310093
2530,SPEAKER_01,2310687,2313217
527,SPEAKER_00,2313692,2314219
6910,SPEAKER_01,2314219,2321129
459,SPEAKER_00,2322215,2322674
985,SPEAKER_01,2322249,2323234
10509,SPEAKER_00,2323234,2333743
985,SPEAKER_01,2333013,2333998
2954,SPEAKER_01,2334796,2337750
2819,SPEAKER_00,2338870,2341689
612,SPEAKER_01,2341977,2342589
1511,SPEAKER_01,2342894,2344405
1562,SPEAKER_00,2344779,2346341
7284,SPEAKER_01,2345780,2353064
2309,SPEAKER_00,2352843,2355152
408,SPEAKER_00,2355865,2356273
3158,SPEAKER_01,2356595,2359753
713,SPEAKER_00,2360110,2360823
3073,SPEAKER_01,2360704,2363777
5705,SPEAKER_00,2364354,2370059
3684,SPEAKER_01,2370059,2373743
2190,SPEAKER_01,2373947,2376137
4703,SPEAKER_01,2376680,2381383
9304,SPEAKER_01,2382028,2391332
6332,SPEAKER_01,2391791,2398123
2785,SPEAKER_01,2398955,2401740
2648,SPEAKER_01,2401791,2404439
10323,SPEAKER_01,2405118,2415441
8931,SPEAKER_01,2415882,2424813
5976,SPEAKER_00,2425458,2431434
374,SPEAKER_01,2430008,2430382
6537,SPEAKER_00,2432045,2438582
442,SPEAKER_01,2433539,2433981
475,SPEAKER_01,2438480,2438955
4091,SPEAKER_01,2439448,2443539
1494,SPEAKER_01,2443998,2445492
3361,SPEAKER_01,2445611,2448972
6876,SPEAKER_00,2449482,2456358
1155,SPEAKER_01,2456731,2457886
509,SPEAKER_00,2456850,2457359
2411,SPEAKER_00,2457886,2460297
51,SPEAKER_01,2458005,2458056
84,SPEAKER_01,2458073,2458157
2427,SPEAKER_01,2460365,2462792
2700,SPEAKER_01,2462894,2465594
1766,SPEAKER_01,2465967,2467733
3786,SPEAKER_01,2468073,2471859
6689,SPEAKER_01,2472249,2478938
10306,SPEAKER_01,2479838,2490144
34,SPEAKER_01,2490246,2490280
254,SPEAKER_00,2490280,2490534
68,SPEAKER_01,2490534,2490602
17,SPEAKER_00,2490602,2490619
5212,SPEAKER_01,2490738,2495950
11884,SPEAKER_00,2496409,2508293
390,SPEAKER_01,2500263,2500653
441,SPEAKER_01,2505356,2505797
391,SPEAKER_01,2508293,2508684
170,SPEAKER_00,2508327,2508497
10984,SPEAKER_00,2508684,2519668
306,SPEAKER_01,2513624,2513930
8658,SPEAKER_01,2519482,2528140
1935,SPEAKER_01,2528820,2530755
2174,SPEAKER_01,2531196,2533370
2734,SPEAKER_01,2534371,2537105
5331,SPEAKER_01,2537580,2542911
1986,SPEAKER_01,2543828,2545814
6213,SPEAKER_01,2546494,2552707
2326,SPEAKER_01,2553047,2555373
5093,SPEAKER_01,2555645,2560738
1103,SPEAKER_00,2560840,2561943
390,SPEAKER_01,2561893,2562283
9474,SPEAKER_00,2562826,2572300
356,SPEAKER_01,2566324,2566680
543,SPEAKER_01,2572300,2572843
7420,SPEAKER_00,2572843,2580263
8302,SPEAKER_01,2580382,2588684
4278,SPEAKER_00,2589363,2593641
408,SPEAKER_01,2593743,2594151
5229,SPEAKER_01,2595254,2600483
7963,SPEAKER_01,2600687,2608650
8914,SPEAKER_01,2609057,2617971
1273,SPEAKER_01,2618378,2619651
4618,SPEAKER_01,2619685,2624303
1053,SPEAKER_01,2625101,2626154
10220,SPEAKER_00,2626443,2636663
442,SPEAKER_01,2628106,2628548
764,SPEAKER_01,2630110,2630874
509,SPEAKER_01,2635560,2636069
493,SPEAKER_01,2636561,2637054
17,SPEAKER_00,2636918,2636935
1171,SPEAKER_00,2636986,2638157
883,SPEAKER_00,2638650,2639533
3633,SPEAKER_00,2640280,2643913
3769,SPEAKER_01,2643913,2647682
339,SPEAKER_00,2647801,2648140
4601,SPEAKER_01,2648174,2652775
4448,SPEAKER_00,2651876,2656324
425,SPEAKER_01,2655339,2655764
3905,SPEAKER_00,2657105,2661010
6961,SPEAKER_00,2661791,2668752
1256,SPEAKER_01,2664949,2666205
10408,SPEAKER_00,2669108,2679516
340,SPEAKER_01,2672283,2672623
204,SPEAKER_01,2679125,2679329
17,SPEAKER_00,2679617,2679634
612,SPEAKER_00,2679651,2680263
391,SPEAKER_00,2680670,2681061
13260,SPEAKER_00,2682130,2695390
272,SPEAKER_01,2689685,2689957
815,SPEAKER_00,2695865,2696680
5874,SPEAKER_00,2697139,2703013
628,SPEAKER_01,2699414,2700042
2903,SPEAKER_00,2703098,2706001
730,SPEAKER_01,2705152,2705882
17,SPEAKER_01,2705899,2705916
2615,SPEAKER_01,2706154,2708769
4924,SPEAKER_01,2708955,2713879
306,SPEAKER_00,2713879,2714185
645,SPEAKER_01,2714405,2715050
3701,SPEAKER_01,2715543,2719244
323,SPEAKER_00,2719108,2719431
17,SPEAKER_01,2719261,2719278
594,SPEAKER_01,2719346,2719940
16299,SPEAKER_00,2720093,2736392
323,SPEAKER_01,2726884,2727207
1274,SPEAKER_01,2729040,2730314
10865,SPEAKER_01,2736443,2747308
1257,SPEAKER_00,2740534,2741791
577,SPEAKER_01,2747682,2748259
1256,SPEAKER_01,2749482,2750738
2020,SPEAKER_01,2750857,2752877
7131,SPEAKER_01,2753217,2760348
4346,SPEAKER_01,2760670,2765016
2258,SPEAKER_01,2765458,2767716
340,SPEAKER_01,2768140,2768480
2716,SPEAKER_01,2769431,2772147
407,SPEAKER_00,2772504,2772911
4567,SPEAKER_01,2772911,2777478
2954,SPEAKER_01,2778005,2780959
1358,SPEAKER_00,2781061,2782419
1138,SPEAKER_01,2782979,2784117
780,SPEAKER_01,2785000,2785780
2751,SPEAKER_00,2785780,2788531
679,SPEAKER_01,2787444,2788123
2343,SPEAKER_01,2788327,2790670
5790,SPEAKER_00,2791247,2797037
3413,SPEAKER_01,2795899,2799312
5535,SPEAKER_01,2799380,2804915
611,SPEAKER_01,2806154,2806765
339,SPEAKER_00,2808005,2808344
3599,SPEAKER_00,2808650,2812249
6774,SPEAKER_00,2812962,2819736
374,SPEAKER_01,2819736,2820110
8675,SPEAKER_00,2820263,2828938
391,SPEAKER_01,2826052,2826443
3175,SPEAKER_00,2829312,2832487
170,SPEAKER_01,2831740,2831910
5178,SPEAKER_01,2832674,2837852
10764,SPEAKER_01,2838718,2849482
2326,SPEAKER_00,2850993,2853319
6655,SPEAKER_01,2853387,2860042
2173,SPEAKER_00,2860144,2862317
6418,SPEAKER_01,2862317,2868735
7758,SPEAKER_00,2868837,2876595
13226,SPEAKER_00,2877139,2890365
407,SPEAKER_01,2879278,2879685
1103,SPEAKER_01,2889584,2890687
1052,SPEAKER_00,2890874,2891926
1291,SPEAKER_01,2892741,2894032
2530,SPEAKER_00,2894422,2896952
628,SPEAKER_01,2896426,2897054
17,SPEAKER_00,2897054,2897071
1851,SPEAKER_00,2897427,2899278
441,SPEAKER_01,2899567,2900008
4261,SPEAKER_00,2900076,2904337
1443,SPEAKER_01,2904337,2905780
1783,SPEAKER_00,2905373,2907156
2972,SPEAKER_01,2906629,2909601
1766,SPEAKER_00,2909006,2910772
26299,SPEAKER_01,2911774,2938073
374,SPEAKER_00,2924626,2925000
18421,SPEAKER_00,2938531,2956952
747,SPEAKER_01,2944066,2944813
374,SPEAKER_01,2956120,2956494
526,SPEAKER_01,2956952,2957478
577,SPEAKER_00,2957529,2958106
3379,SPEAKER_01,2958174,2961553
5161,SPEAKER_01,2961825,2966986
577,SPEAKER_01,2967207,2967784
7419,SPEAKER_01,2968361,2975780
391,SPEAKER_00,2975780,2976171
4296,SPEAKER_01,2977359,2981655
255,SPEAKER_00,2979074,2979329
5365,SPEAKER_00,2981655,2987020
17,SPEAKER_01,2981672,2981689
2275,SPEAKER_01,2986137,2988412
255,SPEAKER_00,2988904,2989159
7538,SPEAKER_01,2989889,2997427
3328,SPEAKER_01,2997784,3001112
3124,SPEAKER_00,3000144,3003268
424,SPEAKER_01,3003234,3003658
34,SPEAKER_00,3003302,3003336
662,SPEAKER_00,3003573,3004235
2920,SPEAKER_00,3004847,3007767
4584,SPEAKER_01,3008123,3012707
458,SPEAKER_00,3011740,3012198
3548,SPEAKER_00,3012996,3016544
272,SPEAKER_01,3016612,3016884
8743,SPEAKER_01,3017818,3026561
17,SPEAKER_01,3026680,3026697
408,SPEAKER_00,3026697,3027105
289,SPEAKER_01,3026714,3027003
1137,SPEAKER_01,3027224,3028361
6214,SPEAKER_00,3028446,3034660
3480,SPEAKER_01,3034083,3037563
357,SPEAKER_00,3035169,3035526
814,SPEAKER_00,3038039,3038853
2123,SPEAKER_01,3038174,3040297
1681,SPEAKER_01,3040636,3042317
7521,SPEAKER_00,3042606,3050127
560,SPEAKER_01,3046850,3047410
527,SPEAKER_01,3049770,3050297
747,SPEAKER_00,3050297,3051044
255,SPEAKER_01,3050551,3050806
594,SPEAKER_01,3051332,3051926
7963,SPEAKER_01,3052198,3060161
390,SPEAKER_00,3060076,3060466
2191,SPEAKER_01,3060398,3062589
4007,SPEAKER_00,3062775,3066782
4024,SPEAKER_01,3066629,3070653
1732,SPEAKER_00,3070738,3072470
475,SPEAKER_01,3072300,3072775
3124,SPEAKER_00,3072741,3075865
441,SPEAKER_01,3075475,3075916
5399,SPEAKER_00,3075916,3081315
543,SPEAKER_01,3082283,3082826
7928,SPEAKER_01,3083285,3091213
526,SPEAKER_01,3091672,3092198
9609,SPEAKER_00,3092368,3101977
560,SPEAKER_01,3100297,3100857
2988,SPEAKER_01,3102589,3105577
2988,SPEAKER_01,3105611,3108599
305,SPEAKER_00,3108701,3109006
374,SPEAKER_00,3109821,3110195
4448,SPEAKER_00,3110636,3115084
3803,SPEAKER_01,3115152,3118955
4364,SPEAKER_01,3119668,3124032
407,SPEAKER_00,3124134,3124541
3820,SPEAKER_00,3124847,3128667
1290,SPEAKER_00,3129278,3130568
1664,SPEAKER_01,3130704,3132368
1036,SPEAKER_00,3131943,3132979
3650,SPEAKER_00,3133166,3136816
204,SPEAKER_01,3134015,3134219
1324,SPEAKER_01,3135458,3136782
