Duration (s),Speaker,start_ms,end_ms
2071,SPEAKER_00,8,2079
4822,SPEAKER_00,19057,23879
798,SPEAKER_01,24049,24847
1799,SPEAKER_00,24881,26680
2717,SPEAKER_00,28361,31078
3311,SPEAKER_01,31196,34507
2920,SPEAKER_00,34881,37801
1018,SPEAKER_01,37920,38938
612,SPEAKER_01,39753,40365
322,SPEAKER_00,40365,40687
4193,SPEAKER_01,41621,45814
373,SPEAKER_00,45764,46137
459,SPEAKER_01,46663,47122
1681,SPEAKER_01,47597,49278
373,SPEAKER_00,49278,49651
3362,SPEAKER_01,50093,53455
713,SPEAKER_00,53115,53828
662,SPEAKER_01,54354,55016
1086,SPEAKER_00,55577,56663
713,SPEAKER_00,56969,57682
1240,SPEAKER_01,58208,59448
4058,SPEAKER_00,59804,63862
1138,SPEAKER_01,60619,61757
11697,SPEAKER_01,64083,75780
1816,SPEAKER_00,75764,77580
1579,SPEAKER_01,77971,79550
628,SPEAKER_00,80925,81553
1562,SPEAKER_01,81825,83387
1103,SPEAKER_00,83319,84422
7453,SPEAKER_01,84507,91960
441,SPEAKER_00,91774,92215
3209,SPEAKER_01,92555,95764
781,SPEAKER_00,96001,96782
1240,SPEAKER_01,96035,97275
3293,SPEAKER_00,97275,100568
2275,SPEAKER_01,100925,103200
679,SPEAKER_00,103098,103777
4142,SPEAKER_01,104779,108921
4363,SPEAKER_01,109210,113573
1324,SPEAKER_00,113777,115101
764,SPEAKER_01,115084,115848
17,SPEAKER_00,115118,115135
5687,SPEAKER_00,116290,121977
6978,SPEAKER_01,122623,129601
339,SPEAKER_00,128005,128344
492,SPEAKER_01,129957,130449
3854,SPEAKER_01,131129,134983
696,SPEAKER_00,134813,135509
2921,SPEAKER_00,135848,138769
1206,SPEAKER_00,139923,141129
16893,SPEAKER_01,141570,158463
560,SPEAKER_00,148684,149244
4380,SPEAKER_00,158480,162860
543,SPEAKER_01,163013,163556
3124,SPEAKER_00,163641,166765
3463,SPEAKER_01,167224,170687
866,SPEAKER_00,170653,171519
14057,SPEAKER_01,171859,185916
441,SPEAKER_00,181774,182215
628,SPEAKER_00,185916,186544
3107,SPEAKER_01,186561,189668
5467,SPEAKER_01,189889,195356
4160,SPEAKER_00,195084,199244
306,SPEAKER_01,196069,196375
7725,SPEAKER_00,199787,207512
11833,SPEAKER_00,207988,219821
1698,SPEAKER_01,220449,222147
11002,SPEAKER_00,222147,233149
544,SPEAKER_01,233488,234032
1256,SPEAKER_00,234032,235288
9763,SPEAKER_01,235135,244898
611,SPEAKER_00,240721,241332
611,SPEAKER_00,244609,245220
2631,SPEAKER_01,244915,247546
5145,SPEAKER_00,247546,252691
2971,SPEAKER_01,253336,256307
4940,SPEAKER_00,254813,259753
594,SPEAKER_00,260178,260772
492,SPEAKER_01,260874,261366
6910,SPEAKER_01,262470,269380
203,SPEAKER_00,265000,265203
306,SPEAKER_00,269787,270093
1953,SPEAKER_01,270704,272657
1086,SPEAKER_01,273200,274286
306,SPEAKER_00,274405,274711
2988,SPEAKER_01,274881,277869
968,SPEAKER_00,277869,278837
17,SPEAKER_00,278904,278921
238,SPEAKER_01,278921,279159
832,SPEAKER_00,279159,279991
1918,SPEAKER_01,280076,281994
2445,SPEAKER_00,281994,284439
2615,SPEAKER_00,284626,287241
3854,SPEAKER_01,287241,291095
391,SPEAKER_00,288208,288599
1613,SPEAKER_00,291400,293013
1018,SPEAKER_01,293285,294303
1358,SPEAKER_00,294185,295543
119,SPEAKER_01,295543,295662
152,SPEAKER_00,295662,295814
119,SPEAKER_00,295882,296001
67,SPEAKER_00,296477,296544
1885,SPEAKER_01,298140,300025
13514,SPEAKER_00,300025,313539
492,SPEAKER_00,313964,314456
14770,SPEAKER_00,314898,329668
34,SPEAKER_01,322147,322181
1002,SPEAKER_01,322436,323438
730,SPEAKER_01,328497,329227
4006,SPEAKER_01,330297,334303
3464,SPEAKER_00,332962,336426
2580,SPEAKER_01,337071,339651
408,SPEAKER_00,338123,338531
26350,SPEAKER_00,340059,366409
492,SPEAKER_01,366409,366901
9762,SPEAKER_00,367054,376816
221,SPEAKER_01,370772,370993
2139,SPEAKER_00,376867,379006
4958,SPEAKER_01,379821,384779
21732,SPEAKER_00,384660,406392
2955,SPEAKER_01,403505,406460
15043,SPEAKER_00,406595,421638
119,SPEAKER_01,411417,411536
3633,SPEAKER_01,422368,426001
20849,SPEAKER_00,426001,446850
5994,SPEAKER_01,447308,453302
4872,SPEAKER_00,453421,458293
407,SPEAKER_00,458837,459244
5161,SPEAKER_00,459482,464643
560,SPEAKER_01,464643,465203
2751,SPEAKER_00,465203,467954
9117,SPEAKER_00,468820,477937
5297,SPEAKER_00,478073,483370
8692,SPEAKER_01,484049,492741
645,SPEAKER_00,491910,492555
1240,SPEAKER_01,492877,494117
2564,SPEAKER_00,493471,496035
5603,SPEAKER_01,495339,500942
492,SPEAKER_00,500195,500687
509,SPEAKER_00,500993,501502
984,SPEAKER_01,501808,502792
6468,SPEAKER_01,503387,509855
2360,SPEAKER_01,510925,513285
475,SPEAKER_00,513370,513845
9576,SPEAKER_00,514371,523947
2309,SPEAKER_00,524219,526528
1749,SPEAKER_00,526544,528293
8625,SPEAKER_00,529074,537699
323,SPEAKER_01,535084,535407
34,SPEAKER_00,537971,538005
1341,SPEAKER_01,538005,539346
425,SPEAKER_00,538412,538837
10068,SPEAKER_00,539431,549499
2173,SPEAKER_00,549957,552130
22207,SPEAKER_00,552215,574422
1018,SPEAKER_00,574915,575933
3650,SPEAKER_00,576528,580178
595,SPEAKER_00,580551,581146
646,SPEAKER_00,581230,581876
2208,SPEAKER_01,581247,583455
15280,SPEAKER_01,583862,599142
441,SPEAKER_00,592487,592928
11698,SPEAKER_00,596731,608429
612,SPEAKER_00,608938,609550
612,SPEAKER_00,610534,611146
10628,SPEAKER_00,611655,622283
1731,SPEAKER_00,622504,624235
5246,SPEAKER_00,625271,630517
3701,SPEAKER_00,630891,634592
2954,SPEAKER_00,634898,637852
2224,SPEAKER_00,638786,641010
5586,SPEAKER_00,641162,646748
1680,SPEAKER_00,647207,648887
4975,SPEAKER_00,649074,654049
6944,SPEAKER_00,654592,661536
1579,SPEAKER_00,661859,663438
1885,SPEAKER_00,663505,665390
4618,SPEAKER_01,665967,670585
34,SPEAKER_01,670704,670738
6740,SPEAKER_01,670789,677529
339,SPEAKER_00,677122,677461
3701,SPEAKER_01,677784,681485
9083,SPEAKER_01,681587,690670
1596,SPEAKER_01,690908,692504
322,SPEAKER_00,692504,692826
2937,SPEAKER_01,693709,696646
967,SPEAKER_01,697122,698089
391,SPEAKER_00,698089,698480
34,SPEAKER_01,698123,698157
2564,SPEAKER_01,698582,701146
628,SPEAKER_00,701078,701706
1087,SPEAKER_01,701315,702402
3192,SPEAKER_00,702504,705696
612,SPEAKER_00,705865,706477
4244,SPEAKER_00,707037,711281
9457,SPEAKER_00,711655,721112
5637,SPEAKER_00,721655,727292
238,SPEAKER_01,722809,723047
1647,SPEAKER_01,727699,729346
3922,SPEAKER_00,729040,732962
7080,SPEAKER_00,733234,740314
4804,SPEAKER_01,740976,745780
5042,SPEAKER_01,746290,751332
527,SPEAKER_00,749668,750195
560,SPEAKER_00,750993,751553
560,SPEAKER_01,751757,752317
1816,SPEAKER_01,752521,754337
408,SPEAKER_00,754269,754677
1087,SPEAKER_01,754677,755764
3056,SPEAKER_01,756646,759702
340,SPEAKER_00,759702,760042
3378,SPEAKER_01,760280,763658
391,SPEAKER_00,763658,764049
5942,SPEAKER_01,764049,769991
645,SPEAKER_00,769770,770415
2394,SPEAKER_01,770415,772809
1392,SPEAKER_01,773166,774558
2225,SPEAKER_01,775050,777275
390,SPEAKER_00,776256,776646
4211,SPEAKER_01,777529,781740
373,SPEAKER_00,781740,782113
7470,SPEAKER_01,782470,789940
4499,SPEAKER_00,789261,793760
4567,SPEAKER_00,794134,798701
3633,SPEAKER_01,799142,802775
2733,SPEAKER_00,801825,804558
1358,SPEAKER_01,804677,806035
408,SPEAKER_00,805237,805645
3617,SPEAKER_00,805780,809397
1884,SPEAKER_01,809397,811281
5977,SPEAKER_00,811281,817258
6163,SPEAKER_01,817631,823794
3854,SPEAKER_00,823098,826952
339,SPEAKER_01,823947,824286
4669,SPEAKER_01,827020,831689
984,SPEAKER_00,829550,830534
169,SPEAKER_00,831825,831994
883,SPEAKER_00,832198,833081
9949,SPEAKER_00,833726,843675
238,SPEAKER_01,843675,843913
2870,SPEAKER_00,844269,847139
1545,SPEAKER_01,847139,848684
238,SPEAKER_00,847325,847563
4634,SPEAKER_00,848837,853471
323,SPEAKER_01,853590,853913
7759,SPEAKER_01,854490,862249
136,SPEAKER_00,857122,857258
3158,SPEAKER_00,863370,866528
1409,SPEAKER_01,866833,868242
2512,SPEAKER_00,868073,870585
3005,SPEAKER_01,873913,876918
2904,SPEAKER_01,878208,881112
4211,SPEAKER_01,881502,885713
84,SPEAKER_00,885713,885797
17,SPEAKER_01,885797,885814
51,SPEAKER_00,885814,885865
1002,SPEAKER_01,885865,886867
900,SPEAKER_00,886273,887173
2020,SPEAKER_01,887173,889193
2071,SPEAKER_00,888769,890840
34,SPEAKER_00,890857,890891
34,SPEAKER_00,890925,890959
17,SPEAKER_00,890976,890993
5517,SPEAKER_01,892606,898123
1121,SPEAKER_00,896137,897258
492,SPEAKER_00,897682,898174
815,SPEAKER_01,898174,898989
6978,SPEAKER_01,899363,906341
4126,SPEAKER_01,906765,910891
3107,SPEAKER_00,910891,913998
13396,SPEAKER_01,914422,927818
1154,SPEAKER_01,928022,929176
798,SPEAKER_00,929176,929974
3276,SPEAKER_01,929567,932843
1308,SPEAKER_00,932113,933421
1477,SPEAKER_01,933573,935050
9236,SPEAKER_01,935526,944762
391,SPEAKER_00,941943,942334
3327,SPEAKER_00,944762,948089
9559,SPEAKER_01,948429,957988
356,SPEAKER_00,957750,958106
17,SPEAKER_01,958106,958123
2445,SPEAKER_01,958259,960704
882,SPEAKER_01,961129,962011
4347,SPEAKER_01,962062,966409
323,SPEAKER_00,964575,964898
4873,SPEAKER_01,966884,971757
2631,SPEAKER_01,972657,975288
408,SPEAKER_00,975101,975509
3073,SPEAKER_01,975543,978616
4991,SPEAKER_01,978803,983794
357,SPEAKER_00,983709,984066
4889,SPEAKER_01,984066,988955
2173,SPEAKER_01,989227,991400
34,SPEAKER_00,991587,991621
458,SPEAKER_00,991672,992130
4958,SPEAKER_01,992198,997156
187,SPEAKER_00,996901,997088
186,SPEAKER_00,997156,997342
595,SPEAKER_01,997342,997937
526,SPEAKER_01,998480,999006
3379,SPEAKER_01,999159,1002538
1817,SPEAKER_01,1003166,1004983
4109,SPEAKER_01,1005356,1009465
1511,SPEAKER_01,1009685,1011196
5399,SPEAKER_01,1011587,1016986
2190,SPEAKER_01,1017444,1019634
747,SPEAKER_00,1019889,1020636
7233,SPEAKER_01,1020636,1027869
475,SPEAKER_00,1027241,1027716
5297,SPEAKER_01,1028225,1033522
1341,SPEAKER_00,1033081,1034422
764,SPEAKER_01,1034422,1035186
2648,SPEAKER_00,1035526,1038174
611,SPEAKER_01,1038259,1038870
781,SPEAKER_00,1039363,1040144
577,SPEAKER_01,1040382,1040959
1358,SPEAKER_00,1040382,1041740
2462,SPEAKER_01,1042147,1044609
594,SPEAKER_00,1044507,1045101
527,SPEAKER_01,1045169,1045696
6774,SPEAKER_01,1046001,1052775
323,SPEAKER_00,1052707,1053030
2462,SPEAKER_01,1053030,1055492
9338,SPEAKER_00,1054626,1063964
7521,SPEAKER_01,1064490,1072011
1919,SPEAKER_01,1072181,1074100
5263,SPEAKER_01,1074609,1079872
475,SPEAKER_00,1077835,1078310
4312,SPEAKER_01,1080382,1084694
4924,SPEAKER_01,1085118,1090042
2258,SPEAKER_00,1088633,1090891
713,SPEAKER_01,1090891,1091604
1986,SPEAKER_00,1091808,1093794
340,SPEAKER_00,1094286,1094626
4907,SPEAKER_01,1095152,1100059
322,SPEAKER_00,1096307,1096629
3770,SPEAKER_00,1099685,1103455
221,SPEAKER_01,1101332,1101553
6468,SPEAKER_01,1102606,1109074
3650,SPEAKER_00,1108769,1112419
4533,SPEAKER_01,1112334,1116867
2072,SPEAKER_01,1117325,1119397
2376,SPEAKER_00,1121146,1123522
356,SPEAKER_01,1124185,1124541
4975,SPEAKER_01,1125186,1130161
356,SPEAKER_00,1128073,1128429
696,SPEAKER_00,1129125,1129821
1902,SPEAKER_01,1131281,1133183
2496,SPEAKER_01,1133471,1135967
6129,SPEAKER_01,1136460,1142589
425,SPEAKER_00,1137631,1138056
560,SPEAKER_00,1142249,1142809
2105,SPEAKER_00,1142996,1145101
441,SPEAKER_01,1143064,1143505
2649,SPEAKER_01,1145186,1147835
5756,SPEAKER_01,1148123,1153879
2224,SPEAKER_00,1154694,1156918
3599,SPEAKER_01,1156443,1160042
594,SPEAKER_00,1159516,1160110
3276,SPEAKER_00,1161010,1164286
339,SPEAKER_01,1164015,1164354
1308,SPEAKER_00,1164354,1165662
7640,SPEAKER_01,1165916,1173556
17,SPEAKER_00,1171689,1171706
560,SPEAKER_00,1172402,1172962
2122,SPEAKER_00,1173387,1175509
119,SPEAKER_01,1175509,1175628
10951,SPEAKER_01,1176867,1187818
17,SPEAKER_01,1187886,1187903
407,SPEAKER_00,1187903,1188310
3718,SPEAKER_01,1188446,1192164
832,SPEAKER_01,1193505,1194337
6571,SPEAKER_01,1195950,1202521
3396,SPEAKER_01,1202809,1206205
5721,SPEAKER_01,1206528,1212249
1324,SPEAKER_01,1212589,1213913
339,SPEAKER_00,1213896,1214235
17,SPEAKER_01,1213930,1213947
2292,SPEAKER_01,1214864,1217156
5943,SPEAKER_01,1217461,1223404
1223,SPEAKER_00,1222741,1223964
2174,SPEAKER_01,1223539,1225713
3191,SPEAKER_01,1225747,1228938
2955,SPEAKER_01,1229634,1232589
1800,SPEAKER_00,1232792,1234592
11443,SPEAKER_00,1235407,1246850
1579,SPEAKER_00,1247529,1249108
10849,SPEAKER_00,1249227,1260076
425,SPEAKER_01,1258140,1258565
2887,SPEAKER_00,1261298,1264185
135,SPEAKER_00,1264219,1264354
595,SPEAKER_01,1264354,1264949
2309,SPEAKER_00,1264371,1266680
34,SPEAKER_00,1267190,1267224
1680,SPEAKER_01,1267224,1268904
34,SPEAKER_00,1267325,1267359
1206,SPEAKER_00,1268225,1269431
1833,SPEAKER_01,1269346,1271179
730,SPEAKER_00,1271061,1271791
339,SPEAKER_01,1272657,1272996
1715,SPEAKER_00,1272996,1274711
764,SPEAKER_01,1274847,1275611
475,SPEAKER_01,1276375,1276850
9678,SPEAKER_01,1277325,1287003
237,SPEAKER_00,1281893,1282130
305,SPEAKER_00,1287139,1287444
5790,SPEAKER_01,1288225,1294015
6842,SPEAKER_01,1294151,1300993
5094,SPEAKER_01,1301162,1306256
560,SPEAKER_00,1304066,1304626
356,SPEAKER_00,1305645,1306001
8013,SPEAKER_01,1306273,1314286
425,SPEAKER_00,1314235,1314660
3497,SPEAKER_01,1315000,1318497
3990,SPEAKER_01,1319057,1323047
441,SPEAKER_00,1323268,1323709
34,SPEAKER_01,1323319,1323353
899,SPEAKER_01,1323404,1324303
866,SPEAKER_00,1324303,1325169
4720,SPEAKER_01,1325475,1330195
1087,SPEAKER_01,1330449,1331536
373,SPEAKER_00,1331604,1331977
1409,SPEAKER_01,1332385,1333794
357,SPEAKER_00,1334354,1334711
4329,SPEAKER_01,1334711,1339040
1409,SPEAKER_00,1337750,1339159
2479,SPEAKER_01,1339838,1342317
255,SPEAKER_00,1342198,1342453
441,SPEAKER_01,1343115,1343556
323,SPEAKER_00,1343132,1343455
1749,SPEAKER_01,1343777,1345526
577,SPEAKER_00,1345645,1346222
5484,SPEAKER_01,1346290,1351774
4397,SPEAKER_01,1352249,1356646
493,SPEAKER_00,1356646,1357139
459,SPEAKER_01,1357308,1357767
560,SPEAKER_00,1357767,1358327
153,SPEAKER_00,1358480,1358633
17,SPEAKER_01,1358633,1358650
17,SPEAKER_00,1358650,1358667
3463,SPEAKER_01,1358667,1362130
340,SPEAKER_00,1362113,1362453
476,SPEAKER_01,1362758,1363234
424,SPEAKER_00,1363234,1363658
34,SPEAKER_01,1363658,1363692
10747,SPEAKER_01,1363828,1374575
5025,SPEAKER_00,1374677,1379702
917,SPEAKER_01,1376069,1376986
12343,SPEAKER_01,1379702,1392045
611,SPEAKER_00,1388769,1389380
408,SPEAKER_00,1392045,1392453
560,SPEAKER_01,1392589,1393149
13922,SPEAKER_00,1393658,1407580
424,SPEAKER_01,1404660,1405084
85,SPEAKER_00,1407920,1408005
6910,SPEAKER_00,1408140,1415050
255,SPEAKER_01,1415050,1415305
1273,SPEAKER_00,1415458,1416731
2428,SPEAKER_00,1417512,1419940
3022,SPEAKER_01,1420161,1423183
441,SPEAKER_00,1423115,1423556
6859,SPEAKER_01,1423573,1430432
493,SPEAKER_00,1430432,1430925
441,SPEAKER_01,1430925,1431366
4941,SPEAKER_00,1431434,1436375
849,SPEAKER_00,1436578,1437427
2971,SPEAKER_01,1437631,1440602
1035,SPEAKER_00,1438735,1439770
7912,SPEAKER_00,1440551,1448463
306,SPEAKER_01,1444558,1444864
5654,SPEAKER_01,1448853,1454507
306,SPEAKER_00,1452232,1452538
306,SPEAKER_00,1454507,1454813
271,SPEAKER_01,1454847,1455118
1697,SPEAKER_01,1455679,1457376
2427,SPEAKER_01,1458005,1460432
2988,SPEAKER_00,1459872,1462860
306,SPEAKER_01,1461247,1461553
288,SPEAKER_00,1463438,1463726
1579,SPEAKER_01,1464015,1465594
1426,SPEAKER_00,1465254,1466680
17,SPEAKER_00,1466697,1466714
1749,SPEAKER_01,1466714,1468463
1002,SPEAKER_00,1468276,1469278
2853,SPEAKER_01,1469651,1472504
8218,SPEAKER_01,1472860,1481078
407,SPEAKER_00,1476986,1477393
357,SPEAKER_00,1480619,1480976
3242,SPEAKER_01,1481146,1484388
6350,SPEAKER_01,1484796,1491146
475,SPEAKER_00,1491146,1491621
356,SPEAKER_00,1491825,1492181
645,SPEAKER_01,1492606,1493251
747,SPEAKER_01,1493573,1494320
2071,SPEAKER_01,1494677,1496748
4499,SPEAKER_00,1496748,1501247
152,SPEAKER_01,1498820,1498972
3259,SPEAKER_01,1500212,1503471
1154,SPEAKER_00,1503455,1504609
5161,SPEAKER_01,1504626,1509787
1239,SPEAKER_00,1506103,1507342
696,SPEAKER_00,1509499,1510195
2241,SPEAKER_01,1509923,1512164
2309,SPEAKER_00,1510365,1512674
2920,SPEAKER_00,1513726,1516646
6622,SPEAKER_01,1517563,1524185
289,SPEAKER_00,1521502,1521791
459,SPEAKER_01,1525050,1525509
3413,SPEAKER_01,1525933,1529346
2089,SPEAKER_01,1530534,1532623
170,SPEAKER_00,1532402,1532572
101,SPEAKER_00,1532623,1532724
17,SPEAKER_01,1532724,1532741
34,SPEAKER_00,1532741,1532775
3073,SPEAKER_01,1534779,1537852
1171,SPEAKER_00,1537835,1539006
4686,SPEAKER_00,1540687,1545373
866,SPEAKER_00,1545967,1546833
3939,SPEAKER_01,1547342,1551281
442,SPEAKER_00,1551264,1551706
6248,SPEAKER_01,1552062,1558310
3871,SPEAKER_01,1558718,1562589
1222,SPEAKER_01,1563387,1564609
1256,SPEAKER_00,1564677,1565933
1053,SPEAKER_01,1566018,1567071
1596,SPEAKER_00,1566663,1568259
340,SPEAKER_01,1567546,1567886
543,SPEAKER_01,1569227,1569770
3820,SPEAKER_01,1569991,1573811
408,SPEAKER_01,1574303,1574711
3531,SPEAKER_01,1575000,1578531
407,SPEAKER_00,1578531,1578938
3566,SPEAKER_01,1578989,1582555
696,SPEAKER_00,1582843,1583539
3277,SPEAKER_01,1583811,1587088
1375,SPEAKER_00,1587190,1588565
4567,SPEAKER_01,1588684,1593251
916,SPEAKER_00,1592657,1593573
9067,SPEAKER_01,1593556,1602623
255,SPEAKER_00,1595882,1596137
968,SPEAKER_00,1602419,1603387
373,SPEAKER_01,1604134,1604507
4211,SPEAKER_01,1605288,1609499
322,SPEAKER_00,1609499,1609821
2360,SPEAKER_01,1610042,1612402
10730,SPEAKER_00,1612555,1623285
289,SPEAKER_01,1616952,1617241
339,SPEAKER_01,1623998,1624337
7640,SPEAKER_00,1624354,1631994
2547,SPEAKER_00,1632453,1635000
1544,SPEAKER_01,1635000,1636544
4211,SPEAKER_00,1636544,1640755
34,SPEAKER_01,1636561,1636595
577,SPEAKER_01,1641451,1642028
357,SPEAKER_00,1641960,1642317
3158,SPEAKER_01,1642487,1645645
1053,SPEAKER_00,1642945,1643998
3158,SPEAKER_00,1645594,1648752
441,SPEAKER_01,1647241,1647682
306,SPEAKER_01,1648429,1648735
68,SPEAKER_01,1648752,1648820
747,SPEAKER_00,1649465,1650212
6825,SPEAKER_01,1650483,1657308
2886,SPEAKER_00,1657665,1660551
3837,SPEAKER_00,1661366,1665203
1120,SPEAKER_01,1665577,1666697
1562,SPEAKER_00,1666511,1668073
339,SPEAKER_01,1668073,1668412
1443,SPEAKER_01,1669091,1670534
3328,SPEAKER_00,1670534,1673862
14567,SPEAKER_00,1674100,1688667
7284,SPEAKER_00,1689872,1697156
679,SPEAKER_01,1697156,1697835
2682,SPEAKER_00,1697835,1700517
5297,SPEAKER_00,1700874,1706171
526,SPEAKER_01,1706171,1706697
1834,SPEAKER_00,1706595,1708429
2751,SPEAKER_01,1708395,1711146
3973,SPEAKER_00,1710534,1714507
3310,SPEAKER_01,1714949,1718259
1053,SPEAKER_00,1718123,1719176
9610,SPEAKER_00,1719872,1729482
288,SPEAKER_01,1729482,1729770
7199,SPEAKER_00,1729770,1736969
3820,SPEAKER_00,1737665,1741485
2173,SPEAKER_01,1742266,1744439
6197,SPEAKER_00,1744405,1750602
15110,SPEAKER_00,1751893,1767003
1698,SPEAKER_00,1767308,1769006
6486,SPEAKER_00,1769108,1775594
492,SPEAKER_01,1776171,1776663
442,SPEAKER_00,1776680,1777122
4075,SPEAKER_01,1777376,1781451
272,SPEAKER_00,1778259,1778531
8031,SPEAKER_00,1781383,1789414
1545,SPEAKER_00,1789906,1791451
3549,SPEAKER_01,1791451,1795000
1986,SPEAKER_00,1793879,1795865
8251,SPEAKER_01,1795730,1803981
34,SPEAKER_00,1803845,1803879
85,SPEAKER_00,1803981,1804066
17,SPEAKER_01,1804066,1804083
51,SPEAKER_00,1804083,1804134
34,SPEAKER_01,1804134,1804168
2632,SPEAKER_01,1804320,1806952
1732,SPEAKER_00,1807325,1809057
10916,SPEAKER_00,1811078,1821994
1019,SPEAKER_01,1822249,1823268
4889,SPEAKER_00,1823251,1828140
5959,SPEAKER_00,1828565,1834524
7130,SPEAKER_01,1834881,1842011
1223,SPEAKER_00,1839142,1840365
815,SPEAKER_01,1842623,1843438
7164,SPEAKER_00,1843421,1850585
1511,SPEAKER_01,1850619,1852130
17725,SPEAKER_00,1851757,1869482
1528,SPEAKER_00,1869821,1871349
2258,SPEAKER_00,1872028,1874286
1392,SPEAKER_01,1875169,1876561
5857,SPEAKER_01,1877156,1883013
679,SPEAKER_00,1881706,1882385
2700,SPEAKER_00,1882758,1885458
9830,SPEAKER_01,1885475,1895305
340,SPEAKER_00,1893047,1893387
629,SPEAKER_00,1894371,1895000
5806,SPEAKER_01,1896392,1902198
391,SPEAKER_00,1901366,1901757
4618,SPEAKER_01,1902419,1907037
1545,SPEAKER_00,1906731,1908276
764,SPEAKER_01,1908344,1909108
2140,SPEAKER_00,1909651,1911791
2971,SPEAKER_00,1912368,1915339
390,SPEAKER_00,1916222,1916612
5806,SPEAKER_00,1917020,1922826
3888,SPEAKER_01,1923539,1927427
3464,SPEAKER_00,1928327,1931791
4889,SPEAKER_01,1931757,1936646
2632,SPEAKER_00,1936646,1939278
1460,SPEAKER_01,1939278,1940738
170,SPEAKER_00,1940738,1940908
3022,SPEAKER_01,1940908,1943930
340,SPEAKER_00,1943862,1944202
3276,SPEAKER_01,1944202,1947478
2445,SPEAKER_00,1947478,1949923
10441,SPEAKER_00,1950348,1960789
3107,SPEAKER_00,1961587,1964694
2988,SPEAKER_01,1964915,1967903
3820,SPEAKER_00,1967903,1971723
5110,SPEAKER_01,1972266,1977376
391,SPEAKER_00,1972877,1973268
1698,SPEAKER_00,1977376,1979074
2123,SPEAKER_01,1977393,1979516
4771,SPEAKER_00,1979753,1984524
3617,SPEAKER_00,1985033,1988650
2988,SPEAKER_00,1989516,1992504
2954,SPEAKER_01,1992504,1995458
1307,SPEAKER_00,1995356,1996663
3124,SPEAKER_01,1996884,2000008
255,SPEAKER_00,1997818,1998073
2665,SPEAKER_01,2000246,2002911
425,SPEAKER_00,2002843,2003268
5993,SPEAKER_01,2003234,2009227
1036,SPEAKER_00,2009227,2010263
4567,SPEAKER_01,2010653,2015220
526,SPEAKER_00,2014762,2015288
2768,SPEAKER_01,2015288,2018056
10526,SPEAKER_00,2016358,2026884
373,SPEAKER_01,2023387,2023760
1036,SPEAKER_01,2027342,2028378
357,SPEAKER_00,2028429,2028786
10425,SPEAKER_00,2029142,2039567
8404,SPEAKER_01,2039923,2048327
306,SPEAKER_00,2042707,2043013
8319,SPEAKER_01,2049295,2057614
390,SPEAKER_00,2050025,2050415
11069,SPEAKER_01,2057886,2068955
169,SPEAKER_00,2068769,2068938
323,SPEAKER_00,2068955,2069278
1376,SPEAKER_01,2069634,2071010
543,SPEAKER_00,2071010,2071553
2886,SPEAKER_01,2071876,2074762
917,SPEAKER_01,2075237,2076154
12359,SPEAKER_01,2076511,2088870
2241,SPEAKER_00,2081757,2083998
510,SPEAKER_00,2088870,2089380
1834,SPEAKER_00,2089668,2091502
679,SPEAKER_01,2091723,2092402
4176,SPEAKER_01,2092657,2096833
1324,SPEAKER_00,2096816,2098140
6027,SPEAKER_01,2098225,2104252
323,SPEAKER_00,2104252,2104575
2054,SPEAKER_01,2104677,2106731
3395,SPEAKER_01,2107105,2110500
340,SPEAKER_00,2110721,2111061
6129,SPEAKER_00,2111519,2117648
8336,SPEAKER_01,2117903,2126239
628,SPEAKER_00,2122130,2122758
441,SPEAKER_00,2123421,2123862
407,SPEAKER_00,2124117,2124524
1715,SPEAKER_00,2126239,2127954
289,SPEAKER_01,2127750,2128039
6519,SPEAKER_01,2128803,2135322
425,SPEAKER_00,2135288,2135713
34,SPEAKER_01,2135713,2135747
1732,SPEAKER_01,2135899,2137631
2683,SPEAKER_00,2137410,2140093
8336,SPEAKER_01,2141655,2149991
6316,SPEAKER_01,2150500,2156816
170,SPEAKER_00,2153811,2153981
1019,SPEAKER_00,2156680,2157699
458,SPEAKER_01,2158073,2158531
3022,SPEAKER_01,2159142,2162164
272,SPEAKER_00,2162419,2162691
272,SPEAKER_00,2163030,2163302
1137,SPEAKER_01,2163353,2164490
339,SPEAKER_00,2164694,2165033
1342,SPEAKER_01,2165067,2166409
1562,SPEAKER_00,2166171,2167733
798,SPEAKER_01,2167733,2168531
221,SPEAKER_00,2167767,2167988
1002,SPEAKER_00,2168378,2169380
3871,SPEAKER_01,2169499,2173370
2241,SPEAKER_00,2173438,2175679
2564,SPEAKER_01,2175899,2178463
4788,SPEAKER_00,2178089,2182877
3650,SPEAKER_00,2183251,2186901
5416,SPEAKER_01,2187410,2192826
374,SPEAKER_00,2189040,2189414
424,SPEAKER_01,2193166,2193590
5636,SPEAKER_01,2194049,2199685
390,SPEAKER_00,2199516,2199906
2496,SPEAKER_01,2200110,2202606
407,SPEAKER_00,2202351,2202758
4143,SPEAKER_01,2202894,2207037
102,SPEAKER_00,2206867,2206969
102,SPEAKER_00,2207037,2207139
9049,SPEAKER_01,2207139,2216188
203,SPEAKER_00,2214949,2215152
425,SPEAKER_00,2216086,2216511
1070,SPEAKER_01,2216816,2217886
1443,SPEAKER_00,2218327,2219770
4108,SPEAKER_01,2220280,2224388
526,SPEAKER_00,2223353,2223879
390,SPEAKER_00,2224151,2224541
5552,SPEAKER_01,2224541,2230093
2835,SPEAKER_00,2230093,2232928
322,SPEAKER_01,2231859,2232181
2971,SPEAKER_01,2233217,2236188
11171,SPEAKER_01,2237003,2248174
526,SPEAKER_00,2244847,2245373
475,SPEAKER_00,2246443,2246918
629,SPEAKER_00,2248174,2248803
476,SPEAKER_01,2249074,2249550
5976,SPEAKER_01,2249957,2255933
984,SPEAKER_00,2258056,2259040
1036,SPEAKER_01,2259193,2260229
1426,SPEAKER_00,2260500,2261926
8251,SPEAKER_01,2262215,2270466
492,SPEAKER_00,2270755,2271247
3735,SPEAKER_01,2271281,2275016
951,SPEAKER_00,2275135,2276086
4041,SPEAKER_01,2276001,2280042
815,SPEAKER_00,2277258,2278073
2632,SPEAKER_00,2280415,2283047
8319,SPEAKER_01,2283200,2291519
985,SPEAKER_01,2292181,2293166
323,SPEAKER_00,2292911,2293234
12648,SPEAKER_01,2293234,2305882
781,SPEAKER_00,2304745,2305526
4058,SPEAKER_01,2306969,2311027
1426,SPEAKER_00,2310280,2311706
3362,SPEAKER_01,2311926,2315288
1579,SPEAKER_01,2315577,2317156
560,SPEAKER_00,2316935,2317495
5111,SPEAKER_01,2317495,2322606
357,SPEAKER_00,2318259,2318616
14074,SPEAKER_00,2322572,2336646
101,SPEAKER_01,2322691,2322792
1155,SPEAKER_01,2336646,2337801
713,SPEAKER_00,2337292,2338005
51,SPEAKER_01,2338005,2338056
5960,SPEAKER_01,2339719,2345679
2021,SPEAKER_00,2346629,2348650
306,SPEAKER_01,2348242,2348548
15145,SPEAKER_01,2349736,2364881
1596,SPEAKER_00,2354473,2356069
373,SPEAKER_00,2365000,2365373
3056,SPEAKER_01,2366341,2369397
2784,SPEAKER_01,2369465,2372249
4160,SPEAKER_00,2372249,2376409
3447,SPEAKER_01,2376918,2380365
425,SPEAKER_00,2379957,2380382
6774,SPEAKER_01,2380382,2387156
1579,SPEAKER_01,2387308,2388887
679,SPEAKER_01,2389040,2389719
17,SPEAKER_01,2389753,2389770
323,SPEAKER_00,2389770,2390093
17,SPEAKER_01,2390093,2390110
5127,SPEAKER_01,2390297,2395424
475,SPEAKER_00,2395373,2395848
4601,SPEAKER_01,2396035,2400636
408,SPEAKER_00,2400636,2401044
4244,SPEAKER_01,2401757,2406001
2700,SPEAKER_00,2403607,2406307
3175,SPEAKER_00,2406833,2410008
577,SPEAKER_01,2406867,2407444
3973,SPEAKER_01,2410093,2414066
340,SPEAKER_00,2413811,2414151
4159,SPEAKER_01,2414151,2418310
391,SPEAKER_00,2418327,2418718
3566,SPEAKER_01,2419040,2422606
2089,SPEAKER_01,2422894,2424983
339,SPEAKER_00,2424966,2425305
1935,SPEAKER_01,2425509,2427444
7029,SPEAKER_01,2427937,2434966
2530,SPEAKER_00,2433998,2436528
1307,SPEAKER_01,2436528,2437835
408,SPEAKER_00,2437665,2438073
5926,SPEAKER_01,2438191,2444117
1664,SPEAKER_01,2444269,2445933
187,SPEAKER_00,2445933,2446120
271,SPEAKER_01,2446273,2446544
9592,SPEAKER_01,2447122,2456714
476,SPEAKER_00,2456731,2457207
2123,SPEAKER_01,2457359,2459482
4856,SPEAKER_01,2460093,2464949
577,SPEAKER_00,2462996,2463573
1188,SPEAKER_00,2464032,2465220
6554,SPEAKER_01,2465220,2471774
4839,SPEAKER_00,2469685,2474524
203,SPEAKER_01,2474134,2474337
2615,SPEAKER_00,2474575,2477190
15230,SPEAKER_01,2477342,2492572
68,SPEAKER_00,2479685,2479753
1630,SPEAKER_00,2480398,2482028
272,SPEAKER_00,2482843,2483115
4805,SPEAKER_00,2492147,2496952
9253,SPEAKER_01,2497308,2506561
543,SPEAKER_00,2504779,2505322
3582,SPEAKER_00,2506035,2509617
798,SPEAKER_01,2508022,2508820
5926,SPEAKER_01,2510415,2516341
2666,SPEAKER_01,2516867,2519533
492,SPEAKER_00,2519397,2519889
645,SPEAKER_01,2519889,2520534
4448,SPEAKER_00,2520704,2525152
458,SPEAKER_01,2526205,2526663
4601,SPEAKER_00,2527529,2532130
288,SPEAKER_01,2528616,2528904
2106,SPEAKER_01,2532724,2534830
170,SPEAKER_00,2534830,2535000
5755,SPEAKER_01,2535000,2540755
2920,SPEAKER_00,2540755,2543675
4550,SPEAKER_01,2543794,2548344
51,SPEAKER_00,2548174,2548225
594,SPEAKER_00,2548344,2548938
543,SPEAKER_00,2549923,2550466
11290,SPEAKER_00,2550959,2562249
391,SPEAKER_01,2555356,2555747
1137,SPEAKER_01,2562538,2563675
5773,SPEAKER_00,2563556,2569329
67,SPEAKER_01,2567241,2567308
51,SPEAKER_01,2567359,2567410
11342,SPEAKER_01,2569651,2580993
374,SPEAKER_00,2573709,2574083
561,SPEAKER_00,2575203,2575764
424,SPEAKER_00,2580891,2581315
5552,SPEAKER_01,2581434,2586986
459,SPEAKER_00,2585865,2586324
4550,SPEAKER_00,2587071,2591621
781,SPEAKER_01,2591621,2592402
5331,SPEAKER_00,2592538,2597869
1884,SPEAKER_01,2597767,2599651
815,SPEAKER_00,2599651,2600466
1256,SPEAKER_01,2601112,2602368
781,SPEAKER_00,2602266,2603047
1342,SPEAKER_01,2603573,2604915
1307,SPEAKER_01,2605662,2606969
306,SPEAKER_00,2607546,2607852
306,SPEAKER_01,2608208,2608514
13005,SPEAKER_00,2609584,2622589
255,SPEAKER_01,2610398,2610653
356,SPEAKER_01,2622640,2622996
628,SPEAKER_00,2622996,2623624
9576,SPEAKER_00,2624303,2633879
3735,SPEAKER_01,2634626,2638361
408,SPEAKER_00,2638293,2638701
8252,SPEAKER_01,2639006,2647258
3990,SPEAKER_01,2647359,2651349
1885,SPEAKER_00,2651349,2653234
730,SPEAKER_01,2651655,2652385
4346,SPEAKER_01,2653234,2657580
476,SPEAKER_00,2657512,2657988
18948,SPEAKER_01,2658123,2677071
4312,SPEAKER_00,2675509,2679821
6282,SPEAKER_01,2680110,2686392
1460,SPEAKER_00,2685526,2686986
492,SPEAKER_01,2687020,2687512
1018,SPEAKER_01,2687852,2688870
12020,SPEAKER_01,2689397,2701417
1324,SPEAKER_00,2692300,2693624
17,SPEAKER_00,2697393,2697410
391,SPEAKER_00,2698395,2698786
4873,SPEAKER_01,2702249,2707122
186,SPEAKER_00,2707122,2707308
6130,SPEAKER_01,2707308,2713438
934,SPEAKER_00,2711298,2712232
1613,SPEAKER_01,2713913,2715526
11494,SPEAKER_01,2716120,2727614
407,SPEAKER_00,2727750,2728157
9559,SPEAKER_01,2728310,2737869
408,SPEAKER_00,2728887,2729295
509,SPEAKER_00,2734592,2735101
408,SPEAKER_00,2737325,2737733
2309,SPEAKER_01,2738565,2740874
7572,SPEAKER_01,2741553,2749125
5959,SPEAKER_00,2749261,2755220
1630,SPEAKER_01,2755305,2756935
1155,SPEAKER_01,2757325,2758480
3922,SPEAKER_01,2758853,2762775
17,SPEAKER_01,2762877,2762894
391,SPEAKER_00,2762894,2763285
1817,SPEAKER_01,2763607,2765424
238,SPEAKER_00,2765169,2765407
34,SPEAKER_00,2765424,2765458
51,SPEAKER_01,2765458,2765509
4753,SPEAKER_01,2765696,2770449
696,SPEAKER_00,2769210,2769906
5959,SPEAKER_01,2770772,2776731
442,SPEAKER_00,2776697,2777139
4907,SPEAKER_00,2777529,2782436
4991,SPEAKER_00,2784168,2789159
4499,SPEAKER_01,2789397,2793896
323,SPEAKER_00,2792249,2792572
374,SPEAKER_00,2793539,2793913
1358,SPEAKER_01,2793913,2795271
1104,SPEAKER_00,2795916,2797020
4058,SPEAKER_00,2797444,2801502
2343,SPEAKER_00,2801791,2804134
8013,SPEAKER_00,2804711,2812724
4041,SPEAKER_00,2813098,2817139
7352,SPEAKER_00,2817648,2825000
458,SPEAKER_00,2825543,2826001
10441,SPEAKER_01,2826409,2836850
305,SPEAKER_00,2828633,2828938
509,SPEAKER_00,2833336,2833845
356,SPEAKER_00,2834660,2835016
1138,SPEAKER_00,2836782,2837920
22038,SPEAKER_00,2838310,2860348
2649,SPEAKER_00,2860602,2863251
204,SPEAKER_01,2860619,2860823
3243,SPEAKER_01,2863794,2867037
4550,SPEAKER_01,2867529,2872079
492,SPEAKER_00,2871570,2872062
1239,SPEAKER_01,2872453,2873692
3293,SPEAKER_01,2874015,2877308
2207,SPEAKER_01,2877716,2879923
391,SPEAKER_00,2878344,2878735
271,SPEAKER_00,2879533,2879804
7793,SPEAKER_01,2880246,2888039
424,SPEAKER_00,2883964,2884388
3209,SPEAKER_01,2888327,2891536
17,SPEAKER_00,2891061,2891078
85,SPEAKER_00,2891247,2891332
832,SPEAKER_00,2892062,2892894
2479,SPEAKER_01,2892164,2894643
374,SPEAKER_00,2894541,2894915
3531,SPEAKER_01,2894915,2898446
1035,SPEAKER_00,2897258,2898293
34,SPEAKER_00,2898446,2898480
3480,SPEAKER_01,2900297,2903777
3735,SPEAKER_01,2904456,2908191
985,SPEAKER_00,2908259,2909244
560,SPEAKER_01,2909244,2909804
832,SPEAKER_00,2909651,2910483
3022,SPEAKER_00,2911112,2914134
407,SPEAKER_01,2914168,2914575
373,SPEAKER_00,2914660,2915033
14024,SPEAKER_01,2915356,2929380
594,SPEAKER_00,2923947,2924541
798,SPEAKER_00,2928803,2929601
51,SPEAKER_01,2929414,2929465
10391,SPEAKER_01,2929617,2940008
475,SPEAKER_00,2934847,2935322
866,SPEAKER_00,2936884,2937750
1901,SPEAKER_00,2940076,2941977
492,SPEAKER_01,2942266,2942758
8438,SPEAKER_00,2942758,2951196
255,SPEAKER_01,2951196,2951451
10255,SPEAKER_00,2951451,2961706
18642,SPEAKER_01,2961553,2980195
51,SPEAKER_00,2961774,2961825
357,SPEAKER_00,2968157,2968514
425,SPEAKER_00,2974252,2974677
1816,SPEAKER_00,2980127,2981943
8540,SPEAKER_01,2982062,2990602
2326,SPEAKER_00,2990093,2992419
373,SPEAKER_01,2992504,2992877
323,SPEAKER_00,2992877,2993200
3073,SPEAKER_01,2993370,2996443
798,SPEAKER_01,2996850,2997648
3820,SPEAKER_01,2998327,3002147
459,SPEAKER_00,3002147,3002606
493,SPEAKER_01,3002758,3003251
306,SPEAKER_01,3003556,3003862
2037,SPEAKER_01,3004202,3006239
1273,SPEAKER_00,3006239,3007512
14533,SPEAKER_00,3007733,3022266
357,SPEAKER_01,3012079,3012436
323,SPEAKER_01,3020585,3020908
17,SPEAKER_00,3022283,3022300
8998,SPEAKER_01,3022300,3031298
1935,SPEAKER_00,3024015,3025950
6808,SPEAKER_01,3031502,3038310
373,SPEAKER_00,3035764,3036137
560,SPEAKER_00,3038310,3038870
357,SPEAKER_01,3039006,3039363
1714,SPEAKER_01,3040297,3042011
3039,SPEAKER_00,3042011,3045050
5603,SPEAKER_00,3045441,3051044
5790,SPEAKER_00,3052045,3057835
3956,SPEAKER_01,3057954,3061910
458,SPEAKER_00,3061689,3062147
17,SPEAKER_01,3062147,3062164
1817,SPEAKER_01,3062317,3064134
1172,SPEAKER_00,3063777,3064949
883,SPEAKER_01,3065322,3066205
2853,SPEAKER_01,3066544,3069397
2988,SPEAKER_00,3069499,3072487
1172,SPEAKER_01,3072911,3074083
441,SPEAKER_00,3073387,3073828
492,SPEAKER_00,3074015,3074507
357,SPEAKER_01,3075050,3075407
679,SPEAKER_00,3075560,3076239
1070,SPEAKER_01,3076799,3077869
3226,SPEAKER_00,3078887,3082113
272,SPEAKER_01,3082198,3082470
3225,SPEAKER_00,3082691,3085916
12733,SPEAKER_00,3086341,3099074
3310,SPEAKER_00,3099601,3102911
1426,SPEAKER_01,3103200,3104626
11986,SPEAKER_00,3104779,3116765
1087,SPEAKER_01,3116901,3117988
1986,SPEAKER_00,3117988,3119974
5212,SPEAKER_01,3120042,3125254
2512,SPEAKER_00,3124066,3126578
1137,SPEAKER_01,3125509,3126646
2683,SPEAKER_01,3127308,3129991
1358,SPEAKER_00,3128463,3129821
