Duration (s),Speaker,start_ms,end_ms
2020,SPEAKER_01,246,2266
4584,SPEAKER_01,19295,23879
713,SPEAKER_00,23981,24694
67,SPEAKER_00,24983,25050
697,SPEAKER_01,25050,25747
1748,SPEAKER_00,26409,28157
2870,SPEAKER_01,28191,31061
1239,SPEAKER_00,31689,32928
2190,SPEAKER_00,33336,35526
900,SPEAKER_01,35509,36409
8081,SPEAKER_00,37003,45084
323,SPEAKER_01,41434,41757
3939,SPEAKER_01,45645,49584
1342,SPEAKER_00,49719,51061
1443,SPEAKER_01,50483,51926
3074,SPEAKER_00,51926,55000
441,SPEAKER_01,52538,52979
475,SPEAKER_01,54728,55203
1376,SPEAKER_01,55882,57258
713,SPEAKER_00,57258,57971
6537,SPEAKER_01,58259,64796
9898,SPEAKER_01,65220,75118
1783,SPEAKER_00,75424,77207
578,SPEAKER_01,77393,77971
832,SPEAKER_00,78395,79227
1986,SPEAKER_01,79227,81213
1664,SPEAKER_00,81791,83455
1850,SPEAKER_01,83285,85135
2428,SPEAKER_00,85628,88056
950,SPEAKER_01,88056,89006
68,SPEAKER_00,89006,89074
2190,SPEAKER_00,89838,92028
10578,SPEAKER_01,92028,102606
34,SPEAKER_00,98378,98412
543,SPEAKER_01,103013,103556
6485,SPEAKER_00,104032,110517
2444,SPEAKER_00,111044,113488
441,SPEAKER_01,113370,113811
475,SPEAKER_00,114100,114575
2241,SPEAKER_01,114643,116884
3362,SPEAKER_01,117308,120670
14482,SPEAKER_01,120772,135254
2139,SPEAKER_00,135543,137682
323,SPEAKER_01,137563,137886
475,SPEAKER_00,137886,138361
3684,SPEAKER_01,138412,142096
3209,SPEAKER_00,143149,146358
323,SPEAKER_01,146069,146392
1188,SPEAKER_00,146392,147580
1868,SPEAKER_01,147393,149261
373,SPEAKER_00,149329,149702
2105,SPEAKER_00,150636,152741
459,SPEAKER_01,152741,153200
1205,SPEAKER_00,153200,154405
1070,SPEAKER_00,154592,155662
6706,SPEAKER_01,156477,163183
2479,SPEAKER_01,163845,166324
6774,SPEAKER_00,166816,173590
7657,SPEAKER_00,173998,181655
1732,SPEAKER_01,176561,178293
510,SPEAKER_00,181994,182504
2734,SPEAKER_00,182945,185679
780,SPEAKER_01,185764,186544
1749,SPEAKER_01,186986,188735
1375,SPEAKER_01,189176,190551
6434,SPEAKER_01,190942,197376
340,SPEAKER_00,197733,198073
3209,SPEAKER_01,198191,201400
1137,SPEAKER_00,201876,203013
3582,SPEAKER_00,203302,206884
408,SPEAKER_01,205101,205509
2326,SPEAKER_00,207376,209702
2173,SPEAKER_01,209278,211451
3685,SPEAKER_01,211977,215662
10917,SPEAKER_01,216154,227071
17,SPEAKER_01,227224,227241
577,SPEAKER_00,227241,227818
526,SPEAKER_01,227580,228106
17,SPEAKER_00,228106,228123
4805,SPEAKER_00,228293,233098
4720,SPEAKER_00,233539,238259
561,SPEAKER_01,236612,237173
3276,SPEAKER_00,238701,241977
407,SPEAKER_01,241876,242283
1748,SPEAKER_00,242691,244439
1647,SPEAKER_01,244252,245899
4431,SPEAKER_00,245594,250025
2072,SPEAKER_00,250449,252521
2495,SPEAKER_01,252521,255016
459,SPEAKER_00,253760,254219
3752,SPEAKER_01,255407,259159
441,SPEAKER_00,259278,259719
68,SPEAKER_01,259719,259787
153,SPEAKER_00,259787,259940
2275,SPEAKER_00,260076,262351
526,SPEAKER_01,262283,262809
2954,SPEAKER_00,262877,265831
8184,SPEAKER_00,265984,274168
339,SPEAKER_01,269584,269923
153,SPEAKER_01,273709,273862
6010,SPEAKER_00,274524,280534
475,SPEAKER_00,280772,281247
560,SPEAKER_01,281366,281926
6350,SPEAKER_00,282453,288803
186,SPEAKER_01,285662,285848
475,SPEAKER_01,288022,288497
2632,SPEAKER_00,289261,291893
306,SPEAKER_01,291943,292249
2564,SPEAKER_01,292351,294915
68,SPEAKER_00,292606,292674
357,SPEAKER_00,295848,296205
1103,SPEAKER_00,297139,298242
1392,SPEAKER_00,298344,299736
2869,SPEAKER_00,299957,302826
747,SPEAKER_01,302962,303709
8234,SPEAKER_00,304015,312249
2071,SPEAKER_01,312283,314354
2700,SPEAKER_00,314490,317190
1579,SPEAKER_01,316171,317750
3667,SPEAKER_00,317750,321417
3413,SPEAKER_01,320772,324185
1952,SPEAKER_00,324830,326782
1850,SPEAKER_01,327037,328887
2105,SPEAKER_00,328378,330483
2954,SPEAKER_01,330161,333115
1273,SPEAKER_00,333336,334609
4737,SPEAKER_01,334575,339312
2309,SPEAKER_01,339719,342028
7063,SPEAKER_00,342928,349991
17,SPEAKER_01,349991,350008
815,SPEAKER_00,350008,350823
6605,SPEAKER_00,351264,357869
594,SPEAKER_01,355339,355933
713,SPEAKER_01,357716,358429
2139,SPEAKER_00,358463,360602
560,SPEAKER_01,360331,360891
577,SPEAKER_00,361723,362300
5076,SPEAKER_00,362504,367580
136,SPEAKER_01,367410,367546
255,SPEAKER_01,367580,367835
1562,SPEAKER_00,367835,369397
322,SPEAKER_01,369397,369719
7606,SPEAKER_00,370110,377716
288,SPEAKER_01,377971,378259
1069,SPEAKER_00,378582,379651
1511,SPEAKER_01,380382,381893
3396,SPEAKER_00,382130,385526
662,SPEAKER_01,384473,385135
204,SPEAKER_01,385288,385492
102,SPEAKER_01,385526,385628
1189,SPEAKER_00,386069,387258
407,SPEAKER_01,387258,387665
7640,SPEAKER_00,387801,395441
4770,SPEAKER_01,394949,399719
17,SPEAKER_01,399736,399753
340,SPEAKER_00,399753,400093
51,SPEAKER_01,399770,399821
6553,SPEAKER_01,400093,406646
985,SPEAKER_00,406646,407631
5756,SPEAKER_00,408106,413862
458,SPEAKER_01,411553,412011
1579,SPEAKER_00,414490,416069
1103,SPEAKER_00,416375,417478
4805,SPEAKER_00,418106,422911
255,SPEAKER_01,422045,422300
4906,SPEAKER_00,423234,428140
9236,SPEAKER_00,428701,437937
3464,SPEAKER_01,438276,441740
510,SPEAKER_00,440585,441095
5484,SPEAKER_00,442096,447580
24533,SPEAKER_00,447937,472470
679,SPEAKER_01,468056,468735
4669,SPEAKER_00,472894,477563
662,SPEAKER_01,477801,478463
1681,SPEAKER_00,478972,480653
561,SPEAKER_01,479006,479567
2037,SPEAKER_01,480212,482249
4431,SPEAKER_01,482334,486765
408,SPEAKER_00,486731,487139
3277,SPEAKER_00,487733,491010
1036,SPEAKER_01,490704,491740
1511,SPEAKER_00,491960,493471
2955,SPEAKER_01,493471,496426
6519,SPEAKER_00,497105,503624
7148,SPEAKER_01,503709,510857
21681,SPEAKER_01,511247,532928
543,SPEAKER_00,531502,532045
4262,SPEAKER_00,533726,537988
5416,SPEAKER_01,538174,543590
832,SPEAKER_00,539397,540229
493,SPEAKER_00,542045,542538
1138,SPEAKER_00,543726,544864
3803,SPEAKER_01,544881,548684
7623,SPEAKER_00,549193,556816
374,SPEAKER_01,555271,555645
2325,SPEAKER_00,557292,559617
374,SPEAKER_01,559617,559991
2733,SPEAKER_00,560025,562758
544,SPEAKER_01,562826,563370
8098,SPEAKER_00,563370,571468
611,SPEAKER_01,570551,571162
849,SPEAKER_01,571553,572402
3378,SPEAKER_00,572572,575950
1001,SPEAKER_01,574796,575797
543,SPEAKER_00,576001,576544
4414,SPEAKER_00,576952,581366
374,SPEAKER_01,578293,578667
1121,SPEAKER_01,580772,581893
2309,SPEAKER_01,582368,584677
509,SPEAKER_00,585305,585814
374,SPEAKER_01,585780,586154
5433,SPEAKER_00,587342,592775
577,SPEAKER_01,591876,592453
7266,SPEAKER_01,593285,600551
306,SPEAKER_00,600551,600857
17,SPEAKER_01,600857,600874
17,SPEAKER_00,600874,600891
5535,SPEAKER_01,601723,607258
527,SPEAKER_00,607444,607971
3973,SPEAKER_01,608089,612062
1817,SPEAKER_01,613183,615000
2581,SPEAKER_00,615407,617988
3124,SPEAKER_01,617937,621061
663,SPEAKER_00,621247,621910
4261,SPEAKER_01,621723,625984
577,SPEAKER_00,626816,627393
4703,SPEAKER_00,627835,632538
373,SPEAKER_01,632419,632792
1189,SPEAKER_00,632741,633930
560,SPEAKER_01,633998,634558
458,SPEAKER_00,635492,635950
2360,SPEAKER_00,637122,639482
255,SPEAKER_00,639736,639991
4006,SPEAKER_01,640365,644371
6706,SPEAKER_01,644779,651485
2972,SPEAKER_01,651994,654966
5450,SPEAKER_01,655254,660704
4516,SPEAKER_01,661349,665865
6180,SPEAKER_00,666426,672606
2478,SPEAKER_01,671757,674235
4601,SPEAKER_01,674762,679363
12377,SPEAKER_00,679855,692232
866,SPEAKER_01,686561,687427
662,SPEAKER_01,693319,693981
9168,SPEAKER_00,694117,703285
9032,SPEAKER_01,703285,712317
900,SPEAKER_00,703896,704796
271,SPEAKER_01,714049,714320
51,SPEAKER_00,714320,714371
34,SPEAKER_01,714371,714405
1511,SPEAKER_01,715118,716629
153,SPEAKER_00,716850,717003
17,SPEAKER_00,717020,717037
7572,SPEAKER_00,717716,725288
7029,SPEAKER_00,726035,733064
2852,SPEAKER_00,733336,736188
1103,SPEAKER_01,735628,736731
1189,SPEAKER_00,736731,737920
8710,SPEAKER_00,738208,746918
2615,SPEAKER_01,746137,748752
628,SPEAKER_00,749023,749651
2309,SPEAKER_00,750246,752555
509,SPEAKER_01,752249,752758
2513,SPEAKER_00,752792,755305
323,SPEAKER_01,755237,755560
1087,SPEAKER_00,756018,757105
12852,SPEAKER_00,757716,770568
900,SPEAKER_01,761162,762062
51,SPEAKER_01,762147,762198
441,SPEAKER_01,766239,766680
917,SPEAKER_01,770093,771010
730,SPEAKER_00,770925,771655
764,SPEAKER_01,771264,772028
441,SPEAKER_00,772538,772979
7793,SPEAKER_00,774083,781876
968,SPEAKER_01,781638,782606
1274,SPEAKER_00,781977,783251
2920,SPEAKER_00,783624,786544
2224,SPEAKER_00,786918,789142
798,SPEAKER_01,788701,789499
459,SPEAKER_00,790415,790874
1222,SPEAKER_00,791740,792962
3583,SPEAKER_01,792911,796494
4482,SPEAKER_00,796731,801213
2106,SPEAKER_01,800551,802657
408,SPEAKER_00,802826,803234
5145,SPEAKER_00,803573,808718
475,SPEAKER_01,808650,809125
476,SPEAKER_00,809719,810195
4109,SPEAKER_00,810585,814694
4702,SPEAKER_00,814966,819668
407,SPEAKER_01,816952,817359
19253,SPEAKER_01,819074,838327
4551,SPEAKER_01,838870,843421
289,SPEAKER_00,843658,843947
2547,SPEAKER_01,844235,846782
5501,SPEAKER_00,847597,853098
2191,SPEAKER_00,854269,856460
1307,SPEAKER_00,856528,857835
459,SPEAKER_01,857444,857903
2954,SPEAKER_00,857903,860857
2004,SPEAKER_00,861434,863438
4517,SPEAKER_00,863539,868056
1715,SPEAKER_01,867716,869431
2394,SPEAKER_00,868921,871315
356,SPEAKER_01,871061,871417
5653,SPEAKER_00,871723,877376
390,SPEAKER_01,875713,876103
5484,SPEAKER_00,877937,883421
9575,SPEAKER_01,883438,893013
271,SPEAKER_00,891689,891960
7182,SPEAKER_00,893166,900348
2801,SPEAKER_01,899346,902147
1154,SPEAKER_00,902657,903811
3803,SPEAKER_00,904015,907818
2343,SPEAKER_00,908276,910619
357,SPEAKER_01,910568,910925
1562,SPEAKER_00,911383,912945
611,SPEAKER_01,912877,913488
646,SPEAKER_00,913488,914134
6078,SPEAKER_00,914660,920738
4125,SPEAKER_00,920942,925067
356,SPEAKER_00,925611,925967
1188,SPEAKER_00,926205,927393
424,SPEAKER_01,927292,927716
2343,SPEAKER_00,927818,930161
526,SPEAKER_01,928616,929142
628,SPEAKER_00,930212,930840
3294,SPEAKER_00,931400,934694
611,SPEAKER_01,932453,933064
374,SPEAKER_00,935050,935424
3939,SPEAKER_00,935543,939482
5789,SPEAKER_00,940382,946171
425,SPEAKER_01,942775,943200
357,SPEAKER_01,946086,946443
9135,SPEAKER_00,946561,955696
832,SPEAKER_01,955186,956018
34,SPEAKER_00,956018,956052
68,SPEAKER_00,956069,956137
1714,SPEAKER_00,956443,958157
12632,SPEAKER_01,958412,971044
1375,SPEAKER_00,971095,972470
1341,SPEAKER_01,971689,973030
3446,SPEAKER_00,973862,977308
476,SPEAKER_01,976663,977139
1545,SPEAKER_01,977784,979329
8081,SPEAKER_01,979431,987512
2377,SPEAKER_01,987801,990178
8336,SPEAKER_01,990789,999125
374,SPEAKER_00,997614,997988
407,SPEAKER_01,1000042,1000449
2869,SPEAKER_00,1000619,1003488
4109,SPEAKER_00,1003947,1008056
357,SPEAKER_01,1006069,1006426
3973,SPEAKER_00,1008870,1012843
493,SPEAKER_01,1012928,1013421
6010,SPEAKER_00,1013692,1019702
2190,SPEAKER_01,1019872,1022062
7997,SPEAKER_00,1022215,1030212
356,SPEAKER_01,1023455,1023811
374,SPEAKER_01,1028327,1028701
1885,SPEAKER_00,1030670,1032555
425,SPEAKER_01,1032011,1032436
2529,SPEAKER_00,1032572,1035101
408,SPEAKER_01,1034439,1034847
7572,SPEAKER_00,1035407,1042979
10153,SPEAKER_00,1043675,1053828
442,SPEAKER_01,1050653,1051095
458,SPEAKER_01,1053794,1054252
595,SPEAKER_00,1054388,1054983
2614,SPEAKER_00,1055475,1058089
424,SPEAKER_01,1057750,1058174
1274,SPEAKER_00,1058106,1059380
4261,SPEAKER_00,1059974,1064235
2529,SPEAKER_01,1063285,1065814
4330,SPEAKER_00,1066052,1070382
441,SPEAKER_01,1068701,1069142
2988,SPEAKER_01,1070382,1073370
220,SPEAKER_00,1073370,1073590
51,SPEAKER_01,1073387,1073438
12173,SPEAKER_01,1073811,1085984
6469,SPEAKER_00,1086205,1092674
459,SPEAKER_01,1090670,1091129
441,SPEAKER_01,1092674,1093115
5738,SPEAKER_00,1093115,1098853
322,SPEAKER_01,1098820,1099142
1630,SPEAKER_00,1099516,1101146
6893,SPEAKER_00,1101468,1108361
441,SPEAKER_00,1108412,1108853
17,SPEAKER_01,1108853,1108870
17,SPEAKER_00,1108870,1108887
5043,SPEAKER_00,1108972,1114015
1443,SPEAKER_00,1114541,1115984
2886,SPEAKER_00,1116477,1119363
8081,SPEAKER_01,1119448,1127529
374,SPEAKER_00,1121434,1121808
153,SPEAKER_00,1127529,1127682
255,SPEAKER_01,1127801,1128056
611,SPEAKER_00,1129414,1130025
2241,SPEAKER_00,1130653,1132894
4499,SPEAKER_01,1132504,1137003
85,SPEAKER_00,1132996,1133081
2546,SPEAKER_00,1137241,1139787
594,SPEAKER_00,1139872,1140466
2445,SPEAKER_00,1141621,1144066
1154,SPEAKER_01,1144066,1145220
17046,SPEAKER_00,1145407,1162453
187,SPEAKER_01,1149804,1149991
17,SPEAKER_01,1150008,1150025
560,SPEAKER_01,1154134,1154694
391,SPEAKER_01,1159142,1159533
6435,SPEAKER_00,1163132,1169567
442,SPEAKER_01,1166578,1167020
1053,SPEAKER_01,1168191,1169244
2394,SPEAKER_00,1169991,1172385
2852,SPEAKER_00,1173387,1176239
339,SPEAKER_00,1177224,1177563
10968,SPEAKER_01,1177750,1188718
5875,SPEAKER_00,1189617,1195492
204,SPEAKER_01,1192113,1192317
1342,SPEAKER_00,1195950,1197292
3497,SPEAKER_00,1197937,1201434
1240,SPEAKER_01,1200398,1201638
17,SPEAKER_00,1201519,1201536
1171,SPEAKER_00,1201553,1202724
798,SPEAKER_01,1202198,1202996
3769,SPEAKER_00,1203404,1207173
306,SPEAKER_01,1206816,1207122
8523,SPEAKER_00,1207410,1215933
357,SPEAKER_01,1215933,1216290
561,SPEAKER_01,1216629,1217190
425,SPEAKER_00,1217478,1217903
2819,SPEAKER_00,1218174,1220993
679,SPEAKER_00,1221366,1222045
323,SPEAKER_01,1222045,1222368
408,SPEAKER_00,1222962,1223370
2547,SPEAKER_00,1223709,1226256
3294,SPEAKER_00,1226646,1229940
458,SPEAKER_00,1230280,1230738
543,SPEAKER_01,1230314,1230857
1664,SPEAKER_00,1230772,1232436
509,SPEAKER_01,1232453,1232962
2275,SPEAKER_00,1232962,1235237
1630,SPEAKER_00,1235458,1237088
5111,SPEAKER_00,1237529,1242640
4142,SPEAKER_01,1242674,1246816
6333,SPEAKER_00,1246324,1252657
2869,SPEAKER_01,1251061,1253930
1256,SPEAKER_00,1253930,1255186
3735,SPEAKER_00,1256256,1259991
11714,SPEAKER_00,1260365,1272079
340,SPEAKER_01,1263098,1263438
492,SPEAKER_01,1270891,1271383
476,SPEAKER_01,1272079,1272555
8506,SPEAKER_00,1273607,1282113
6944,SPEAKER_00,1282368,1289312
442,SPEAKER_01,1285967,1286409
2801,SPEAKER_00,1290093,1292894
2750,SPEAKER_00,1293879,1296629
1494,SPEAKER_01,1296884,1298378
526,SPEAKER_00,1298378,1298904
391,SPEAKER_01,1298853,1299244
11664,SPEAKER_00,1299244,1310908
5993,SPEAKER_01,1306731,1312724
51,SPEAKER_01,1312758,1312809
561,SPEAKER_00,1312775,1313336
323,SPEAKER_01,1313030,1313353
51,SPEAKER_00,1313353,1313404
5043,SPEAKER_00,1313471,1318514
390,SPEAKER_01,1318039,1318429
425,SPEAKER_00,1318921,1319346
458,SPEAKER_01,1319346,1319804
221,SPEAKER_00,1319804,1320025
3396,SPEAKER_00,1320568,1323964
407,SPEAKER_01,1323964,1324371
4125,SPEAKER_00,1324745,1328870
628,SPEAKER_01,1328327,1328955
662,SPEAKER_00,1328955,1329617
4567,SPEAKER_00,1329855,1334422
527,SPEAKER_01,1333624,1334151
7402,SPEAKER_00,1334711,1342113
1256,SPEAKER_01,1339346,1340602
1987,SPEAKER_01,1342113,1344100
5043,SPEAKER_00,1344354,1349397
238,SPEAKER_01,1348327,1348565
6571,SPEAKER_01,1349651,1356222
220,SPEAKER_00,1350993,1351213
5840,SPEAKER_00,1356477,1362317
373,SPEAKER_01,1358531,1358904
8217,SPEAKER_00,1363064,1371281
6384,SPEAKER_00,1372402,1378786
933,SPEAKER_01,1374983,1375916
305,SPEAKER_01,1377207,1377512
475,SPEAKER_00,1379278,1379753
594,SPEAKER_00,1380042,1380636
356,SPEAKER_01,1380857,1381213
357,SPEAKER_00,1381298,1381655
798,SPEAKER_00,1382572,1383370
1205,SPEAKER_00,1384185,1385390
1766,SPEAKER_00,1386256,1388022
391,SPEAKER_01,1388140,1388531
1562,SPEAKER_00,1388667,1390229
1154,SPEAKER_00,1390823,1391977
1936,SPEAKER_00,1392147,1394083
1664,SPEAKER_00,1394677,1396341
2445,SPEAKER_01,1396239,1398684
17,SPEAKER_01,1399074,1399091
187,SPEAKER_00,1399091,1399278
17,SPEAKER_01,1399278,1399295
9949,SPEAKER_01,1399719,1409668
2190,SPEAKER_01,1410348,1412538
3226,SPEAKER_00,1412996,1416222
4703,SPEAKER_00,1416273,1420976
374,SPEAKER_01,1417665,1418039
390,SPEAKER_01,1420976,1421366
1426,SPEAKER_00,1421468,1422894
238,SPEAKER_00,1423539,1423777
4126,SPEAKER_00,1424422,1428548
526,SPEAKER_01,1427767,1428293
577,SPEAKER_01,1428361,1428938
425,SPEAKER_00,1429651,1430076
5960,SPEAKER_00,1430500,1436460
560,SPEAKER_01,1434202,1434762
917,SPEAKER_01,1436035,1436952
3192,SPEAKER_00,1437614,1440806
373,SPEAKER_01,1440806,1441179
527,SPEAKER_01,1441213,1441740
4211,SPEAKER_00,1442147,1446358
3260,SPEAKER_00,1447308,1450568
1545,SPEAKER_00,1450908,1452453
713,SPEAKER_01,1452164,1452877
5246,SPEAKER_00,1453353,1458599
815,SPEAKER_01,1455797,1456612
2971,SPEAKER_00,1458972,1461943
373,SPEAKER_01,1461876,1462249
373,SPEAKER_00,1462674,1463047
900,SPEAKER_01,1463183,1464083
11308,SPEAKER_01,1464422,1475730
1647,SPEAKER_00,1475797,1477444
374,SPEAKER_01,1477359,1477733
458,SPEAKER_00,1478769,1479227
7453,SPEAKER_00,1479601,1487054
1018,SPEAKER_00,1487241,1488259
34,SPEAKER_01,1487954,1487988
1256,SPEAKER_00,1488667,1489923
577,SPEAKER_00,1490042,1490619
2105,SPEAKER_00,1492147,1494252
425,SPEAKER_01,1493522,1493947
6435,SPEAKER_00,1494609,1501044
425,SPEAKER_01,1500551,1500976
51,SPEAKER_01,1501044,1501095
4685,SPEAKER_01,1501146,1505831
985,SPEAKER_00,1506086,1507071
1851,SPEAKER_00,1507478,1509329
543,SPEAKER_00,1509397,1509940
4686,SPEAKER_01,1510246,1514932
17,SPEAKER_01,1514983,1515000
2072,SPEAKER_01,1515118,1517190
3226,SPEAKER_01,1517631,1520857
391,SPEAKER_00,1520721,1521112
476,SPEAKER_00,1521960,1522436
4907,SPEAKER_00,1522809,1527716
340,SPEAKER_01,1524609,1524949
2190,SPEAKER_01,1527665,1529855
1885,SPEAKER_00,1529974,1531859
19542,SPEAKER_01,1532164,1551706
339,SPEAKER_00,1550823,1551162
2241,SPEAKER_00,1551706,1553947
1579,SPEAKER_01,1553896,1555475
4449,SPEAKER_00,1555865,1560314
2037,SPEAKER_01,1560365,1562402
1799,SPEAKER_00,1562589,1564388
3735,SPEAKER_01,1563370,1567105
1444,SPEAKER_01,1567342,1568786
5144,SPEAKER_00,1569380,1574524
3616,SPEAKER_01,1575356,1578972
34,SPEAKER_01,1579023,1579057
340,SPEAKER_00,1579057,1579397
6672,SPEAKER_01,1579193,1585865
2156,SPEAKER_01,1586324,1588480
7810,SPEAKER_00,1589108,1596918
934,SPEAKER_01,1591417,1592351
798,SPEAKER_01,1593777,1594575
10374,SPEAKER_01,1596561,1606935
2072,SPEAKER_01,1607410,1609482
221,SPEAKER_00,1609634,1609855
425,SPEAKER_01,1609855,1610280
7979,SPEAKER_00,1610942,1618921
985,SPEAKER_01,1618921,1619906
2309,SPEAKER_00,1619295,1621604
7266,SPEAKER_01,1621604,1628870
1511,SPEAKER_01,1629397,1630908
3515,SPEAKER_00,1631298,1634813
475,SPEAKER_01,1634813,1635288
10170,SPEAKER_00,1635594,1645764
6214,SPEAKER_00,1646069,1652283
1188,SPEAKER_01,1651146,1652334
2411,SPEAKER_00,1652334,1654745
3702,SPEAKER_01,1655033,1658735
1902,SPEAKER_01,1659940,1661842
849,SPEAKER_00,1662062,1662911
255,SPEAKER_01,1662843,1663098
6503,SPEAKER_00,1663098,1669601
3735,SPEAKER_00,1669787,1673522
730,SPEAKER_01,1673455,1674185
4958,SPEAKER_01,1674609,1679567
390,SPEAKER_00,1679567,1679957
16,SPEAKER_01,1679601,1679617
4262,SPEAKER_01,1679957,1684219
1290,SPEAKER_01,1684779,1686069
3497,SPEAKER_00,1686154,1689651
1970,SPEAKER_01,1688870,1690840
663,SPEAKER_00,1691196,1691859
390,SPEAKER_01,1691859,1692249
17,SPEAKER_00,1692589,1692606
543,SPEAKER_01,1692606,1693149
441,SPEAKER_00,1692623,1693064
3956,SPEAKER_00,1693522,1697478
1834,SPEAKER_01,1697478,1699312
1952,SPEAKER_01,1700161,1702113
900,SPEAKER_00,1702368,1703268
1749,SPEAKER_01,1702758,1704507
7724,SPEAKER_00,1704983,1712707
781,SPEAKER_01,1711774,1712555
1461,SPEAKER_00,1713539,1715000
1629,SPEAKER_01,1714915,1716544
1426,SPEAKER_01,1717427,1718853
1273,SPEAKER_00,1719312,1720585
6707,SPEAKER_01,1720466,1727173
5026,SPEAKER_00,1727665,1732691
4635,SPEAKER_01,1728752,1733387
8998,SPEAKER_00,1733387,1742385
1002,SPEAKER_01,1735050,1736052
764,SPEAKER_01,1738412,1739176
4431,SPEAKER_01,1743149,1747580
153,SPEAKER_00,1746375,1746528
3090,SPEAKER_00,1748140,1751230
747,SPEAKER_01,1750687,1751434
5875,SPEAKER_00,1752113,1757988
951,SPEAKER_01,1753149,1754100
1613,SPEAKER_01,1757190,1758803
17,SPEAKER_00,1758803,1758820
1715,SPEAKER_00,1758921,1760636
3668,SPEAKER_00,1761960,1765628
2496,SPEAKER_01,1765780,1768276
4702,SPEAKER_00,1768837,1773539
7572,SPEAKER_00,1774083,1781655
493,SPEAKER_01,1781332,1781825
7776,SPEAKER_00,1781825,1789601
560,SPEAKER_01,1783149,1783709
543,SPEAKER_01,1785237,1785780
2224,SPEAKER_01,1788718,1790942
1188,SPEAKER_00,1790942,1792130
186,SPEAKER_01,1791740,1791926
4194,SPEAKER_01,1792130,1796324
1851,SPEAKER_00,1796816,1798667
475,SPEAKER_01,1798667,1799142
730,SPEAKER_00,1799176,1799906
2632,SPEAKER_00,1800517,1803149
2190,SPEAKER_00,1803404,1805594
1952,SPEAKER_01,1805492,1807444
1307,SPEAKER_00,1809091,1810398
1053,SPEAKER_00,1811196,1812249
10289,SPEAKER_00,1813522,1823811
1748,SPEAKER_01,1823421,1825169
373,SPEAKER_01,1825628,1826001
356,SPEAKER_00,1825713,1826069
5500,SPEAKER_00,1826426,1831926
5925,SPEAKER_01,1832640,1838565
4958,SPEAKER_00,1838989,1843947
408,SPEAKER_01,1839889,1840297
3972,SPEAKER_01,1843438,1847410
1918,SPEAKER_00,1847852,1849770
391,SPEAKER_01,1849770,1850161
68,SPEAKER_00,1850161,1850229
1902,SPEAKER_00,1850398,1852300
849,SPEAKER_01,1852894,1853743
1511,SPEAKER_00,1854032,1855543
1511,SPEAKER_00,1855577,1857088
3956,SPEAKER_00,1857495,1861451
560,SPEAKER_01,1860993,1861553
4211,SPEAKER_00,1862181,1866392
390,SPEAKER_01,1862436,1862826
2428,SPEAKER_01,1866273,1868701
3718,SPEAKER_00,1869804,1873522
288,SPEAKER_01,1873964,1874252
4160,SPEAKER_01,1874473,1878633
1646,SPEAKER_00,1878820,1880466
1138,SPEAKER_01,1880466,1881604
1919,SPEAKER_00,1881943,1883862
1291,SPEAKER_00,1884388,1885679
2343,SPEAKER_00,1886171,1888514
492,SPEAKER_01,1888514,1889006
645,SPEAKER_00,1889006,1889651
5127,SPEAKER_00,1890314,1895441
764,SPEAKER_01,1895016,1895780
3073,SPEAKER_00,1896171,1899244
2224,SPEAKER_00,1899567,1901791
2530,SPEAKER_00,1901994,1904524
187,SPEAKER_00,1905237,1905424
3956,SPEAKER_00,1906205,1910161
1290,SPEAKER_01,1909991,1911281
1816,SPEAKER_00,1911808,1913624
357,SPEAKER_00,1914405,1914762
1222,SPEAKER_01,1914609,1915831
7640,SPEAKER_00,1916018,1923658
1324,SPEAKER_01,1923760,1925084
628,SPEAKER_00,1923794,1924422
1460,SPEAKER_00,1925390,1926850
1307,SPEAKER_01,1927054,1928361
1443,SPEAKER_01,1928701,1930144
390,SPEAKER_00,1928718,1929108
17,SPEAKER_01,1930161,1930178
458,SPEAKER_00,1930178,1930636
102,SPEAKER_01,1930195,1930297
442,SPEAKER_01,1930483,1930925
68,SPEAKER_00,1930704,1930772
7826,SPEAKER_00,1931095,1938921
1986,SPEAKER_00,1939584,1941570
3514,SPEAKER_00,1942385,1945899
2428,SPEAKER_01,1945458,1947886
339,SPEAKER_00,1948005,1948344
1002,SPEAKER_00,1949668,1950670
1121,SPEAKER_01,1951281,1952402
1596,SPEAKER_00,1953183,1954779
8234,SPEAKER_01,1954117,1962351
17,SPEAKER_00,1960976,1960993
5280,SPEAKER_00,1963013,1968293
2852,SPEAKER_00,1969414,1972266
713,SPEAKER_01,1972317,1973030
390,SPEAKER_01,1973404,1973794
5552,SPEAKER_00,1975118,1980670
3089,SPEAKER_00,1981146,1984235
1987,SPEAKER_00,1985152,1987139
1545,SPEAKER_00,1989142,1990687
2869,SPEAKER_00,1991010,1993879
4414,SPEAKER_00,1994864,1999278
1511,SPEAKER_01,1995747,1997258
425,SPEAKER_01,1999074,1999499
696,SPEAKER_00,2000093,2000789
578,SPEAKER_00,2001213,2001791
5994,SPEAKER_00,2001960,2007954
5263,SPEAKER_01,2007750,2013013
2174,SPEAKER_00,2013505,2015679
13719,SPEAKER_01,2015882,2029601
356,SPEAKER_00,2028701,2029057
1307,SPEAKER_00,2030348,2031655
1104,SPEAKER_01,2031298,2032402
883,SPEAKER_00,2032707,2033590
6027,SPEAKER_00,2034422,2040449
950,SPEAKER_00,2040993,2041943
730,SPEAKER_00,2042266,2042996
594,SPEAKER_01,2042996,2043590
17,SPEAKER_00,2043030,2043047
3583,SPEAKER_01,2044388,2047971
2309,SPEAKER_00,2048242,2050551
510,SPEAKER_01,2049040,2049550
2665,SPEAKER_00,2051044,2053709
6638,SPEAKER_00,2053998,2060636
1885,SPEAKER_01,2060398,2062283
306,SPEAKER_00,2062860,2063166
1970,SPEAKER_01,2062911,2064881
3651,SPEAKER_00,2065135,2068786
458,SPEAKER_01,2068667,2069125
3464,SPEAKER_00,2069074,2072538
917,SPEAKER_01,2072945,2073862
1443,SPEAKER_01,2073998,2075441
1120,SPEAKER_00,2075458,2076578
730,SPEAKER_01,2076578,2077308
1121,SPEAKER_00,2077308,2078429
8353,SPEAKER_00,2079108,2087461
1443,SPEAKER_00,2087954,2089397
509,SPEAKER_01,2089380,2089889
1630,SPEAKER_00,2089736,2091366
628,SPEAKER_01,2091349,2091977
5280,SPEAKER_00,2091672,2096952
1256,SPEAKER_01,2097088,2098344
577,SPEAKER_00,2098837,2099414
2972,SPEAKER_01,2098853,2101825
17,SPEAKER_01,2102538,2102555
152,SPEAKER_00,2102555,2102707
408,SPEAKER_01,2102707,2103115
781,SPEAKER_00,2103217,2103998
323,SPEAKER_00,2104354,2104677
2411,SPEAKER_00,2105118,2107529
2241,SPEAKER_01,2107173,2109414
3158,SPEAKER_00,2109617,2112775
237,SPEAKER_01,2112504,2112741
170,SPEAKER_01,2112775,2112945
17,SPEAKER_00,2112945,2112962
17,SPEAKER_01,2112962,2112979
8624,SPEAKER_00,2113370,2121994
3532,SPEAKER_00,2122130,2125662
951,SPEAKER_00,2125950,2126901
1800,SPEAKER_01,2126544,2128344
6774,SPEAKER_00,2128344,2135118
1104,SPEAKER_01,2135016,2136120
1749,SPEAKER_01,2136680,2138429
2648,SPEAKER_00,2138616,2141264
6826,SPEAKER_01,2141230,2148056
4618,SPEAKER_00,2148514,2153132
1290,SPEAKER_01,2153319,2154609
917,SPEAKER_00,2155135,2156052
3650,SPEAKER_01,2155543,2159193
7097,SPEAKER_00,2159312,2166409
1800,SPEAKER_01,2166680,2168480
34,SPEAKER_00,2169193,2169227
17,SPEAKER_01,2169227,2169244
4092,SPEAKER_00,2169244,2173336
1392,SPEAKER_01,2173828,2175220
2292,SPEAKER_00,2175797,2178089
4007,SPEAKER_00,2178853,2182860
492,SPEAKER_01,2181570,2182062
2835,SPEAKER_00,2183438,2186273
1647,SPEAKER_00,2188463,2190110
1120,SPEAKER_01,2190144,2191264
1884,SPEAKER_01,2191740,2193624
2156,SPEAKER_00,2193828,2195984
1018,SPEAKER_01,2194983,2196001
4907,SPEAKER_00,2196001,2200908
2768,SPEAKER_00,2201943,2204711
442,SPEAKER_00,2205271,2205713
2580,SPEAKER_00,2207190,2209770
4414,SPEAKER_00,2209940,2214354
475,SPEAKER_01,2213353,2213828
526,SPEAKER_01,2214847,2215373
2207,SPEAKER_01,2216086,2218293
6587,SPEAKER_00,2218548,2225135
1206,SPEAKER_01,2225152,2226358
510,SPEAKER_01,2226714,2227224
3107,SPEAKER_00,2227580,2230687
612,SPEAKER_00,2231179,2231791
1477,SPEAKER_00,2232758,2234235
2004,SPEAKER_00,2234473,2236477
2716,SPEAKER_01,2237122,2239838
492,SPEAKER_00,2239940,2240432
3735,SPEAKER_00,2240874,2244609
1579,SPEAKER_00,2244847,2246426
5263,SPEAKER_01,2246731,2251994
3175,SPEAKER_00,2252775,2255950
255,SPEAKER_01,2255831,2256086
17,SPEAKER_00,2256086,2256103
1002,SPEAKER_01,2256103,2257105
475,SPEAKER_00,2256188,2256663
271,SPEAKER_00,2257105,2257376
272,SPEAKER_01,2257376,2257648
1868,SPEAKER_00,2258191,2260059
2071,SPEAKER_00,2260076,2262147
356,SPEAKER_01,2262453,2262809
4245,SPEAKER_00,2263675,2267920
3175,SPEAKER_01,2267580,2270755
2496,SPEAKER_00,2271315,2273811
1205,SPEAKER_01,2273064,2274269
1629,SPEAKER_00,2274219,2275848
832,SPEAKER_01,2275848,2276680
577,SPEAKER_01,2277563,2278140
4397,SPEAKER_00,2278599,2282996
1086,SPEAKER_00,2284100,2285186
730,SPEAKER_01,2285764,2286494
1935,SPEAKER_00,2286986,2288921
2190,SPEAKER_01,2289499,2291689
2139,SPEAKER_00,2292266,2294405
1969,SPEAKER_01,2294066,2296035
1172,SPEAKER_01,2296748,2297920
3498,SPEAKER_00,2298310,2301808
951,SPEAKER_01,2302130,2303081
2768,SPEAKER_00,2303573,2306341
391,SPEAKER_01,2306018,2306409
3701,SPEAKER_00,2306511,2310212
339,SPEAKER_01,2310212,2310551
17,SPEAKER_00,2310263,2310280
2903,SPEAKER_00,2310670,2313573
4601,SPEAKER_01,2313573,2318174
2954,SPEAKER_01,2318820,2321774
1188,SPEAKER_00,2321910,2323098
3582,SPEAKER_01,2323404,2326986
1647,SPEAKER_01,2327410,2329057
6536,SPEAKER_00,2329278,2335814
3311,SPEAKER_01,2336052,2339363
4500,SPEAKER_01,2339668,2344168
1664,SPEAKER_01,2344745,2346409
832,SPEAKER_00,2344762,2345594
9695,SPEAKER_00,2346748,2356443
441,SPEAKER_01,2351502,2351943
764,SPEAKER_01,2356052,2356816
2241,SPEAKER_01,2357156,2359397
4499,SPEAKER_00,2359889,2364388
407,SPEAKER_01,2362453,2362860
3226,SPEAKER_00,2364575,2367801
2479,SPEAKER_01,2368904,2371383
2190,SPEAKER_00,2371451,2373641
4312,SPEAKER_00,2374983,2379295
5806,SPEAKER_01,2378650,2384456
2903,SPEAKER_00,2384813,2387716
968,SPEAKER_01,2385933,2386901
3090,SPEAKER_01,2387105,2390195
4855,SPEAKER_00,2390993,2395848
1528,SPEAKER_00,2396256,2397784
798,SPEAKER_00,2398089,2398887
815,SPEAKER_01,2399295,2400110
849,SPEAKER_01,2400212,2401061
2394,SPEAKER_00,2401264,2403658
10271,SPEAKER_01,2404032,2414303
2479,SPEAKER_01,2414609,2417088
2156,SPEAKER_00,2417716,2419872
6672,SPEAKER_01,2419363,2426035
119,SPEAKER_00,2425101,2425220
221,SPEAKER_00,2426833,2427054
68,SPEAKER_01,2427054,2427122
475,SPEAKER_01,2427716,2428191
3107,SPEAKER_00,2428938,2432045
2309,SPEAKER_00,2432113,2434422
1019,SPEAKER_00,2435016,2436035
5009,SPEAKER_00,2436867,2441876
3039,SPEAKER_00,2442317,2445356
1715,SPEAKER_01,2445237,2446952
6876,SPEAKER_00,2447750,2454626
305,SPEAKER_01,2449584,2449889
85,SPEAKER_01,2450891,2450976
85,SPEAKER_01,2450993,2451078
2801,SPEAKER_01,2454015,2456816
3956,SPEAKER_00,2457003,2460959
1035,SPEAKER_01,2460959,2461994
2530,SPEAKER_01,2462096,2464626
1952,SPEAKER_00,2464830,2466782
2699,SPEAKER_01,2466969,2469668
17,SPEAKER_01,2469702,2469719
544,SPEAKER_00,2469719,2470263
577,SPEAKER_01,2470263,2470840
5043,SPEAKER_00,2470449,2475492
34,SPEAKER_01,2475492,2475526
3650,SPEAKER_01,2476069,2479719
561,SPEAKER_00,2477359,2477920
3243,SPEAKER_01,2480110,2483353
2682,SPEAKER_00,2483879,2486561
1325,SPEAKER_01,2486680,2488005
968,SPEAKER_00,2487835,2488803
7199,SPEAKER_00,2489261,2496460
3735,SPEAKER_00,2497071,2500806
7623,SPEAKER_01,2499906,2507529
1324,SPEAKER_00,2507886,2509210
2903,SPEAKER_01,2509176,2512079
5025,SPEAKER_00,2512283,2517308
493,SPEAKER_01,2517393,2517886
4584,SPEAKER_00,2518191,2522775
1426,SPEAKER_00,2523081,2524507
934,SPEAKER_01,2524507,2525441
17,SPEAKER_00,2524558,2524575
2054,SPEAKER_00,2524745,2526799
3090,SPEAKER_01,2526544,2529634
6961,SPEAKER_00,2529872,2536833
3498,SPEAKER_00,2537512,2541010
5517,SPEAKER_01,2541061,2546578
526,SPEAKER_00,2546833,2547359
2649,SPEAKER_01,2547359,2550008
2530,SPEAKER_00,2550466,2552996
373,SPEAKER_01,2553234,2553607
1477,SPEAKER_00,2553828,2555305
543,SPEAKER_01,2555305,2555848
1426,SPEAKER_00,2556069,2557495
2258,SPEAKER_01,2557461,2559719
2190,SPEAKER_00,2560161,2562351
594,SPEAKER_01,2562266,2562860
3735,SPEAKER_00,2563183,2566918
6112,SPEAKER_00,2567512,2573624
408,SPEAKER_01,2573624,2574032
17,SPEAKER_00,2573658,2573675
6401,SPEAKER_00,2574575,2580976
577,SPEAKER_01,2581112,2581689
2258,SPEAKER_00,2581774,2584032
3124,SPEAKER_01,2584320,2587444
3718,SPEAKER_01,2587750,2591468
1359,SPEAKER_00,2590500,2591859
1155,SPEAKER_00,2592232,2593387
594,SPEAKER_01,2593285,2593879
2869,SPEAKER_01,2594202,2597071
527,SPEAKER_00,2597546,2598073
2819,SPEAKER_00,2598259,2601078
1154,SPEAKER_01,2601078,2602232
1341,SPEAKER_00,2602623,2603964
493,SPEAKER_01,2602741,2603234
255,SPEAKER_01,2604252,2604507
4754,SPEAKER_00,2604575,2609329
2139,SPEAKER_01,2609584,2611723
560,SPEAKER_00,2611723,2612283
2241,SPEAKER_01,2612283,2614524
628,SPEAKER_00,2612300,2612928
2224,SPEAKER_00,2614524,2616748
424,SPEAKER_01,2615475,2615899
340,SPEAKER_01,2616646,2616986
6672,SPEAKER_00,2617699,2624371
373,SPEAKER_00,2624779,2625152
2921,SPEAKER_01,2625152,2628073
1342,SPEAKER_00,2628123,2629465
2649,SPEAKER_01,2629634,2632283
5399,SPEAKER_00,2632741,2638140
2224,SPEAKER_00,2639040,2641264
6146,SPEAKER_00,2641417,2647563
6673,SPEAKER_00,2648089,2654762
339,SPEAKER_01,2650076,2650415
1291,SPEAKER_01,2654320,2655611
1460,SPEAKER_00,2655611,2657071
322,SPEAKER_01,2657020,2657342
425,SPEAKER_00,2658191,2658616
3294,SPEAKER_00,2659091,2662385
17,SPEAKER_00,2662470,2662487
373,SPEAKER_01,2662487,2662860
5127,SPEAKER_00,2663251,2668378
3701,SPEAKER_01,2668344,2672045
3531,SPEAKER_00,2672300,2675831
85,SPEAKER_01,2675526,2675611
17,SPEAKER_01,2675662,2675679
17,SPEAKER_01,2675780,2675797
2004,SPEAKER_01,2675831,2677835
272,SPEAKER_00,2676935,2677207
1086,SPEAKER_00,2678022,2679108
2886,SPEAKER_01,2679142,2682028
1341,SPEAKER_00,2682215,2683556
424,SPEAKER_00,2683981,2684405
5790,SPEAKER_00,2684575,2690365
34,SPEAKER_00,2690483,2690517
747,SPEAKER_01,2690517,2691264
1782,SPEAKER_00,2691095,2692877
3328,SPEAKER_00,2693641,2696969
2920,SPEAKER_01,2695560,2698480
5161,SPEAKER_00,2698633,2703794
543,SPEAKER_00,2704134,2704677
340,SPEAKER_00,2705050,2705390
5060,SPEAKER_00,2705882,2710942
1443,SPEAKER_00,2711264,2712707
10187,SPEAKER_00,2712928,2723115
237,SPEAKER_01,2719516,2719753
560,SPEAKER_01,2723285,2723845
2037,SPEAKER_00,2723845,2725882
2343,SPEAKER_01,2725016,2727359
1884,SPEAKER_01,2728056,2729940
4890,SPEAKER_00,2730500,2735390
2615,SPEAKER_01,2735390,2738005
4160,SPEAKER_00,2738140,2742300
2105,SPEAKER_01,2741808,2743913
526,SPEAKER_00,2743455,2743981
510,SPEAKER_01,2744269,2744779
7029,SPEAKER_00,2745271,2752300
781,SPEAKER_01,2746171,2746952
2835,SPEAKER_01,2752402,2755237
6638,SPEAKER_00,2755373,2762011
1427,SPEAKER_01,2762011,2763438
5942,SPEAKER_01,2764049,2769991
917,SPEAKER_01,2770449,2771366
391,SPEAKER_00,2771502,2771893
679,SPEAKER_01,2772317,2772996
6723,SPEAKER_00,2773285,2780008
4278,SPEAKER_00,2780246,2784524
1104,SPEAKER_01,2783828,2784932
9439,SPEAKER_00,2784932,2794371
2649,SPEAKER_01,2794303,2796952
2241,SPEAKER_00,2797020,2799261
441,SPEAKER_01,2799261,2799702
2632,SPEAKER_00,2799787,2802419
984,SPEAKER_01,2802504,2803488
3616,SPEAKER_00,2803896,2807512
798,SPEAKER_00,2807665,2808463
985,SPEAKER_01,2808327,2809312
2631,SPEAKER_00,2809431,2812062
2037,SPEAKER_01,2812385,2814422
6825,SPEAKER_00,2814168,2820993
3583,SPEAKER_00,2821960,2825543
2836,SPEAKER_01,2825237,2828073
2072,SPEAKER_01,2828989,2831061
4941,SPEAKER_00,2831553,2836494
10152,SPEAKER_01,2836443,2846595
476,SPEAKER_00,2846697,2847173
17,SPEAKER_01,2847088,2847105
2716,SPEAKER_01,2847156,2849872
2479,SPEAKER_00,2850483,2852962
2156,SPEAKER_01,2852640,2854796
5315,SPEAKER_00,2855067,2860382
289,SPEAKER_01,2858412,2858701
849,SPEAKER_01,2860110,2860959
2886,SPEAKER_00,2861655,2864541
8370,SPEAKER_00,2864592,2872962
1019,SPEAKER_01,2872792,2873811
339,SPEAKER_01,2873947,2874286
3565,SPEAKER_00,2873998,2877563
34,SPEAKER_00,2877971,2878005
492,SPEAKER_01,2878005,2878497
102,SPEAKER_00,2878497,2878599
1494,SPEAKER_01,2878735,2880229
3634,SPEAKER_00,2880415,2884049
543,SPEAKER_01,2884049,2884592
34,SPEAKER_00,2884066,2884100
1783,SPEAKER_00,2884592,2886375
2207,SPEAKER_01,2886154,2888361
3888,SPEAKER_00,2888531,2892419
424,SPEAKER_01,2892402,2892826
339,SPEAKER_00,2892436,2892775
2955,SPEAKER_00,2892792,2895747
4584,SPEAKER_00,2896935,2901519
1443,SPEAKER_01,2900925,2902368
2887,SPEAKER_00,2902741,2905628
3735,SPEAKER_00,2905899,2909634
2037,SPEAKER_00,2909957,2911994
509,SPEAKER_01,2911451,2911960
119,SPEAKER_01,2911994,2912113
985,SPEAKER_00,2912113,2913098
1443,SPEAKER_00,2913268,2914711
441,SPEAKER_01,2914711,2915152
560,SPEAKER_00,2914745,2915305
1596,SPEAKER_01,2915594,2917190
17,SPEAKER_01,2917495,2917512
510,SPEAKER_00,2917512,2918022
866,SPEAKER_01,2917818,2918684
1376,SPEAKER_00,2918921,2920297
424,SPEAKER_01,2920993,2921417
2580,SPEAKER_00,2921842,2924422
6995,SPEAKER_01,2924422,2931417
51,SPEAKER_00,2926799,2926850
187,SPEAKER_00,2926867,2927054
391,SPEAKER_00,2928989,2929380
6723,SPEAKER_00,2931095,2937818
306,SPEAKER_01,2932860,2933166
34,SPEAKER_01,2936035,2936069
2920,SPEAKER_01,2937275,2940195
2937,SPEAKER_00,2940263,2943200
136,SPEAKER_01,2941706,2941842
10203,SPEAKER_01,2942521,2952724
289,SPEAKER_00,2948531,2948820
560,SPEAKER_00,2952419,2952979
3803,SPEAKER_00,2953590,2957393
2309,SPEAKER_01,2957275,2959584
408,SPEAKER_01,2959736,2960144
374,SPEAKER_00,2959753,2960127
17,SPEAKER_00,2960144,2960161
781,SPEAKER_00,2960687,2961468
339,SPEAKER_00,2961672,2962011
1613,SPEAKER_01,2961706,2963319
3583,SPEAKER_00,2964286,2967869
2581,SPEAKER_01,2965424,2968005
17,SPEAKER_00,2968005,2968022
2903,SPEAKER_00,2968803,2971706
950,SPEAKER_01,2971876,2972826
798,SPEAKER_00,2973336,2974134
339,SPEAKER_01,2974083,2974422
1800,SPEAKER_00,2974541,2976341
5705,SPEAKER_00,2976578,2982283
1885,SPEAKER_01,2982232,2984117
900,SPEAKER_00,2984796,2985696
917,SPEAKER_00,2985899,2986816
3243,SPEAKER_01,2986205,2989448
3430,SPEAKER_00,2989617,2993047
594,SPEAKER_01,2993047,2993641
3192,SPEAKER_00,2993760,2996952
3854,SPEAKER_01,2995950,2999804
1443,SPEAKER_00,3000365,3001808
849,SPEAKER_00,3002113,3002962
1647,SPEAKER_00,3003149,3004796
237,SPEAKER_01,3004796,3005033
51,SPEAKER_00,3005033,3005084
2139,SPEAKER_00,3005220,3007359
2089,SPEAKER_00,3007478,3009567
17,SPEAKER_00,3009702,3009719
442,SPEAKER_01,3009719,3010161
2259,SPEAKER_00,3010415,3012674
3515,SPEAKER_01,3012962,3016477
4330,SPEAKER_00,3015967,3020297
747,SPEAKER_00,3020331,3021078
323,SPEAKER_01,3021502,3021825
1155,SPEAKER_00,3021994,3023149
323,SPEAKER_01,3023013,3023336
1545,SPEAKER_00,3023455,3025000
561,SPEAKER_01,3025033,3025594
2394,SPEAKER_00,3025831,3028225
2377,SPEAKER_01,3027988,3030365
18251,SPEAKER_01,3030840,3049091
4125,SPEAKER_00,3049516,3053641
11646,SPEAKER_00,3054151,3065797
4652,SPEAKER_01,3066103,3070755
917,SPEAKER_00,3068089,3069006
5127,SPEAKER_00,3070925,3076052
476,SPEAKER_01,3075967,3076443
815,SPEAKER_00,3076443,3077258
1274,SPEAKER_01,3076748,3078022
1375,SPEAKER_00,3078480,3079855
5976,SPEAKER_00,3079889,3085865
2020,SPEAKER_01,3085509,3087529
492,SPEAKER_00,3088548,3089040
2496,SPEAKER_01,3088853,3091349
5806,SPEAKER_00,3091757,3097563
2852,SPEAKER_01,3097971,3100823
1001,SPEAKER_00,3100942,3101943
340,SPEAKER_01,3102334,3102674
458,SPEAKER_00,3103064,3103522
2326,SPEAKER_01,3103573,3105899
4686,SPEAKER_00,3106443,3111129
289,SPEAKER_01,3107444,3107733
1478,SPEAKER_01,3109617,3111095
797,SPEAKER_01,3111129,3111926
1902,SPEAKER_00,3111994,3113896
6809,SPEAKER_01,3113471,3120280
4465,SPEAKER_00,3120653,3125118
407,SPEAKER_01,3124015,3124422
34,SPEAKER_00,3125186,3125220
289,SPEAKER_01,3125220,3125509
1952,SPEAKER_00,3126256,3128208
8574,SPEAKER_00,3128395,3136969
595,SPEAKER_01,3131162,3131757
526,SPEAKER_01,3137003,3137529
10391,SPEAKER_00,3139855,3150246
2767,SPEAKER_01,3150297,3153064
492,SPEAKER_00,3152385,3152877
2377,SPEAKER_00,3153285,3155662
5196,SPEAKER_00,3155899,3161095
475,SPEAKER_01,3159227,3159702
254,SPEAKER_01,3161061,3161315
425,SPEAKER_00,3161994,3162419
2988,SPEAKER_00,3162623,3165611
1206,SPEAKER_01,3165865,3167071
2734,SPEAKER_00,3167342,3170076
4499,SPEAKER_00,3170636,3175135
238,SPEAKER_01,3174643,3174881
883,SPEAKER_01,3176052,3176935
1222,SPEAKER_00,3177258,3178480
442,SPEAKER_01,3177342,3177784
6095,SPEAKER_01,3178955,3185050
4924,SPEAKER_00,3185271,3190195
271,SPEAKER_01,3187920,3188191
968,SPEAKER_01,3189821,3190789
5076,SPEAKER_00,3191146,3196222
611,SPEAKER_01,3196222,3196833
679,SPEAKER_01,3197173,3197852
764,SPEAKER_00,3197869,3198633
509,SPEAKER_01,3199108,3199617
645,SPEAKER_00,3199889,3200534
2360,SPEAKER_00,3201366,3203726
271,SPEAKER_01,3203217,3203488
3276,SPEAKER_00,3204066,3207342
305,SPEAKER_01,3207105,3207410
17,SPEAKER_00,3207410,3207427
1410,SPEAKER_00,3208140,3209550
2411,SPEAKER_00,3210280,3212691
51,SPEAKER_00,3212758,3212809
459,SPEAKER_01,3212809,3213268
1936,SPEAKER_00,3213471,3215407
1986,SPEAKER_00,3215713,3217699
713,SPEAKER_01,3218616,3219329
407,SPEAKER_00,3219550,3219957
4737,SPEAKER_01,3220568,3225305
5857,SPEAKER_00,3225560,3231417
4160,SPEAKER_01,3231417,3235577
339,SPEAKER_00,3235764,3236103
3362,SPEAKER_00,3236714,3240076
391,SPEAKER_01,3239889,3240280
6978,SPEAKER_00,3240280,3247258
1698,SPEAKER_00,3247308,3249006
238,SPEAKER_01,3249006,3249244
17,SPEAKER_00,3249244,3249261
17,SPEAKER_01,3249261,3249278
2156,SPEAKER_00,3249278,3251434
12768,SPEAKER_01,3250466,3263234
1375,SPEAKER_01,3263709,3265084
255,SPEAKER_00,3263879,3264134
8590,SPEAKER_00,3265713,3274303
357,SPEAKER_01,3268293,3268650
1477,SPEAKER_01,3273896,3275373
374,SPEAKER_00,3275373,3275747
3124,SPEAKER_01,3275780,3278904
1494,SPEAKER_00,3279176,3280670
7114,SPEAKER_00,3280891,3288005
934,SPEAKER_01,3287699,3288633
1001,SPEAKER_00,3288650,3289651
1359,SPEAKER_01,3288972,3290331
5093,SPEAKER_00,3291027,3296120
1901,SPEAKER_00,3296528,3298429
10305,SPEAKER_00,3298684,3308989
815,SPEAKER_01,3302962,3303777
170,SPEAKER_01,3304541,3304711
543,SPEAKER_01,3309227,3309770
5942,SPEAKER_00,3309974,3315916
4245,SPEAKER_01,3315916,3320161
1341,SPEAKER_00,3320891,3322232
323,SPEAKER_01,3322232,3322555
1630,SPEAKER_00,3323285,3324915
679,SPEAKER_01,3323302,3323981
866,SPEAKER_01,3324728,3325594
2546,SPEAKER_00,3326443,3328989
6876,SPEAKER_01,3328972,3335848
3651,SPEAKER_00,3336731,3340382
339,SPEAKER_00,3341078,3341417
2326,SPEAKER_00,3341672,3343998
442,SPEAKER_01,3344371,3344813
6146,SPEAKER_00,3344915,3351061
1019,SPEAKER_00,3351315,3352334
2819,SPEAKER_01,3352741,3355560
1240,SPEAKER_00,3356001,3357241
951,SPEAKER_00,3357733,3358684
4397,SPEAKER_00,3358718,3363115
373,SPEAKER_01,3363200,3363573
560,SPEAKER_00,3364168,3364728
1680,SPEAKER_00,3364966,3366646
747,SPEAKER_01,3367003,3367750
390,SPEAKER_00,3367767,3368157
1562,SPEAKER_01,3368361,3369923
2512,SPEAKER_00,3370280,3372792
1919,SPEAKER_01,3371315,3373234
6044,SPEAKER_00,3373913,3379957
9202,SPEAKER_00,3380517,3389719
2190,SPEAKER_01,3389567,3391757
1595,SPEAKER_00,3391876,3393471
526,SPEAKER_00,3395560,3396086
984,SPEAKER_00,3397173,3398157
2869,SPEAKER_01,3398022,3400891
764,SPEAKER_00,3401027,3401791
3634,SPEAKER_00,3401943,3405577
815,SPEAKER_00,3405899,3406714
3446,SPEAKER_01,3406375,3409821
3582,SPEAKER_00,3409906,3413488
493,SPEAKER_01,3412130,3412623
1375,SPEAKER_00,3414219,3415594
2597,SPEAKER_01,3415594,3418191
2496,SPEAKER_00,3418497,3420993
2089,SPEAKER_01,3421179,3423268
1358,SPEAKER_00,3424032,3425390
7097,SPEAKER_00,3426086,3433183
7334,SPEAKER_00,3433387,3440721
1884,SPEAKER_01,3440891,3442775
3022,SPEAKER_00,3442928,3445950
3871,SPEAKER_01,3446358,3450229
3243,SPEAKER_00,3451519,3454762
5178,SPEAKER_01,3455237,3460415
221,SPEAKER_00,3460415,3460636
3378,SPEAKER_00,3461078,3464456
3871,SPEAKER_00,3464864,3468735
1019,SPEAKER_01,3465899,3466918
1086,SPEAKER_01,3468667,3469753
2971,SPEAKER_00,3469889,3472860
2054,SPEAKER_01,3471859,3473913
424,SPEAKER_00,3473981,3474405
5959,SPEAKER_01,3473998,3479957
984,SPEAKER_00,3480263,3481247
832,SPEAKER_01,3481943,3482775
220,SPEAKER_00,3483438,3483658
4974,SPEAKER_01,3484015,3488989
3582,SPEAKER_00,3489567,3493149
2326,SPEAKER_01,3492028,3494354
1698,SPEAKER_00,3494830,3496528
611,SPEAKER_00,3497241,3497852
815,SPEAKER_00,3498123,3498938
3226,SPEAKER_00,3499431,3502657
7691,SPEAKER_00,3502775,3510466
2632,SPEAKER_01,3509685,3512317
9915,SPEAKER_00,3512962,3522877
459,SPEAKER_01,3515916,3516375
10781,SPEAKER_01,3523047,3533828
221,SPEAKER_00,3528429,3528650
7607,SPEAKER_00,3534252,3541859
4634,SPEAKER_01,3541910,3546544
2920,SPEAKER_00,3546765,3549685
374,SPEAKER_01,3549617,3549991
2054,SPEAKER_00,3550942,3552996
1935,SPEAKER_00,3553200,3555135
2631,SPEAKER_00,3556239,3558870
4652,SPEAKER_01,3558599,3563251
1138,SPEAKER_00,3563505,3564643
4533,SPEAKER_01,3564983,3569516
1460,SPEAKER_00,3570314,3571774
1002,SPEAKER_00,3572266,3573268
1884,SPEAKER_00,3573336,3575220
1766,SPEAKER_01,3575509,3577275
3583,SPEAKER_00,3577495,3581078
2309,SPEAKER_01,3580942,3583251
2105,SPEAKER_00,3583319,3585424
1477,SPEAKER_01,3583964,3585441
17,SPEAKER_00,3585441,3585458
2971,SPEAKER_00,3585577,3588548
1239,SPEAKER_01,3587852,3589091
2530,SPEAKER_00,3589906,3592436
951,SPEAKER_01,3592232,3593183
356,SPEAKER_00,3593268,3593624
7097,SPEAKER_00,3594575,3601672
442,SPEAKER_01,3601434,3601876
23667,SPEAKER_00,3602385,3626052
3514,SPEAKER_01,3625000,3628514
2852,SPEAKER_00,3627835,3630687
255,SPEAKER_01,3630687,3630942
1460,SPEAKER_00,3631587,3633047
1901,SPEAKER_00,3633336,3635237
882,SPEAKER_01,3634966,3635848
1171,SPEAKER_00,3636494,3637665
373,SPEAKER_01,3637971,3638344
17,SPEAKER_00,3638344,3638361
68,SPEAKER_01,3638361,3638429
17,SPEAKER_00,3638429,3638446
17,SPEAKER_01,3638701,3638718
7402,SPEAKER_00,3638718,3646120
696,SPEAKER_00,3646884,3647580
5195,SPEAKER_00,3647767,3652962
1137,SPEAKER_01,3651757,3652894
4296,SPEAKER_00,3653573,3657869
17,SPEAKER_00,3657988,3658005
866,SPEAKER_00,3658123,3658989
510,SPEAKER_01,3659091,3659601
170,SPEAKER_00,3659974,3660144
984,SPEAKER_01,3660314,3661298
1291,SPEAKER_00,3662045,3663336
4618,SPEAKER_00,3663913,3668531
527,SPEAKER_01,3668174,3668701
17,SPEAKER_00,3668701,3668718
8115,SPEAKER_00,3669431,3677546
1595,SPEAKER_01,3673455,3675050
1596,SPEAKER_01,3677767,3679363
3429,SPEAKER_00,3679516,3682945
1647,SPEAKER_01,3681247,3682894
187,SPEAKER_01,3682945,3683132
102,SPEAKER_00,3683132,3683234
3599,SPEAKER_00,3683387,3686986
1341,SPEAKER_01,3686986,3688327
1358,SPEAKER_00,3688650,3690008
679,SPEAKER_00,3690806,3691485
1613,SPEAKER_01,3690908,3692521
3956,SPEAKER_00,3693013,3696969
2801,SPEAKER_00,3697173,3699974
6605,SPEAKER_00,3700551,3707156
1036,SPEAKER_01,3700636,3701672
441,SPEAKER_01,3703081,3703522
135,SPEAKER_01,3704100,3704235
1291,SPEAKER_01,3706561,3707852
1087,SPEAKER_00,3708259,3709346
51,SPEAKER_01,3708412,3708463
560,SPEAKER_01,3709414,3709974
3480,SPEAKER_00,3711078,3714558
492,SPEAKER_01,3714609,3715101
407,SPEAKER_00,3715662,3716069
9083,SPEAKER_01,3716969,3726052
1460,SPEAKER_00,3720483,3721943
2784,SPEAKER_00,3727224,3730008
4991,SPEAKER_00,3730127,3735118
356,SPEAKER_01,3735424,3735780
4347,SPEAKER_00,3735780,3740127
3141,SPEAKER_01,3740602,3743743
849,SPEAKER_00,3741264,3742113
713,SPEAKER_01,3744303,3745016
5501,SPEAKER_00,3744813,3750314
2377,SPEAKER_00,3750891,3753268
2632,SPEAKER_01,3753658,3756290
1274,SPEAKER_01,3756680,3757954
1477,SPEAKER_00,3758531,3760008
391,SPEAKER_01,3759651,3760042
3514,SPEAKER_00,3760042,3763556
17,SPEAKER_01,3763522,3763539
3820,SPEAKER_01,3763556,3767376
221,SPEAKER_00,3765203,3765424
4465,SPEAKER_00,3767529,3771994
441,SPEAKER_01,3771706,3772147
34,SPEAKER_00,3772011,3772045
1885,SPEAKER_00,3772147,3774032
391,SPEAKER_01,3773607,3773998
1460,SPEAKER_00,3774677,3776137
5756,SPEAKER_01,3775135,3780891
356,SPEAKER_00,3781146,3781502
526,SPEAKER_01,3781502,3782028
4143,SPEAKER_01,3782249,3786392
917,SPEAKER_01,3786901,3787818
1375,SPEAKER_01,3788073,3789448
1783,SPEAKER_00,3789719,3791502
2156,SPEAKER_01,3791078,3793234
16,SPEAKER_00,3791910,3791926
221,SPEAKER_00,3791960,3792181
577,SPEAKER_01,3793964,3794541
