Duration (s),Speaker,start_ms,end_ms
2020,SPEAKER_00,263,2283
4312,SPEAKER_00,19193,23505
730,SPEAKER_01,23607,24337
764,SPEAKER_00,24337,25101
1121,SPEAKER_01,25254,26375
2767,SPEAKER_00,26341,29108
407,SPEAKER_01,27716,28123
1324,SPEAKER_00,29261,30585
1019,SPEAKER_00,31315,32334
7029,SPEAKER_00,32555,39584
510,SPEAKER_01,39719,40229
21765,SPEAKER_00,40297,62062
340,SPEAKER_01,45237,45577
51,SPEAKER_01,46324,46375
237,SPEAKER_01,46392,46629
10373,SPEAKER_00,63217,73590
3056,SPEAKER_00,74388,77444
7046,SPEAKER_00,77937,84983
305,SPEAKER_01,81095,81400
3209,SPEAKER_00,86629,89838
4023,SPEAKER_00,90212,94235
186,SPEAKER_01,90246,90432
4838,SPEAKER_01,94779,99617
2767,SPEAKER_00,98803,101570
17267,SPEAKER_00,102283,119550
798,SPEAKER_01,106256,107054
5212,SPEAKER_00,119957,125169
4262,SPEAKER_00,125305,129567
2275,SPEAKER_01,129312,131587
4958,SPEAKER_00,131502,136460
628,SPEAKER_01,134473,135101
7029,SPEAKER_00,137003,144032
3073,SPEAKER_01,144252,147325
8624,SPEAKER_00,147190,155814
1884,SPEAKER_00,156375,158259
9440,SPEAKER_00,158633,168073
68,SPEAKER_00,168616,168684
306,SPEAKER_00,169006,169312
5263,SPEAKER_01,169804,175067
1172,SPEAKER_00,175305,176477
1172,SPEAKER_01,175984,177156
5909,SPEAKER_01,177512,183421
7147,SPEAKER_00,183421,190568
84,SPEAKER_01,188056,188140
1783,SPEAKER_01,190568,192351
4261,SPEAKER_00,192589,196850
2343,SPEAKER_01,197478,199821
17,SPEAKER_01,200806,200823
594,SPEAKER_00,200823,201417
17,SPEAKER_01,201417,201434
17,SPEAKER_00,201434,201451
9796,SPEAKER_01,201842,211638
425,SPEAKER_00,209923,210348
950,SPEAKER_01,211893,212843
1171,SPEAKER_00,213098,214269
578,SPEAKER_01,214354,214932
492,SPEAKER_00,214745,215237
4160,SPEAKER_01,215237,219397
2717,SPEAKER_00,218921,221638
934,SPEAKER_01,221689,222623
1460,SPEAKER_00,222232,223692
4584,SPEAKER_01,224117,228701
1800,SPEAKER_00,228191,229991
2122,SPEAKER_01,230246,232368
6774,SPEAKER_00,232691,239465
1749,SPEAKER_00,239923,241672
6876,SPEAKER_00,242113,248989
9440,SPEAKER_00,249617,259057
3820,SPEAKER_01,259567,263387
3718,SPEAKER_00,262555,266273
3023,SPEAKER_01,266561,269584
356,SPEAKER_00,269584,269940
1104,SPEAKER_01,269923,271027
764,SPEAKER_01,271451,272215
6350,SPEAKER_01,273811,280161
339,SPEAKER_00,274677,275016
11868,SPEAKER_00,277512,289380
645,SPEAKER_01,286256,286901
2495,SPEAKER_01,289516,292011
390,SPEAKER_00,291723,292113
5263,SPEAKER_01,292079,297342
442,SPEAKER_00,295169,295611
6367,SPEAKER_00,297512,303879
2921,SPEAKER_01,304252,307173
5093,SPEAKER_00,306884,311977
170,SPEAKER_01,309125,309295
442,SPEAKER_01,312113,312555
7284,SPEAKER_01,313030,320314
85,SPEAKER_00,316680,316765
577,SPEAKER_00,316884,317461
4262,SPEAKER_01,320653,324915
1069,SPEAKER_00,324796,325865
526,SPEAKER_00,326341,326867
1018,SPEAKER_01,327173,328191
1035,SPEAKER_00,327241,328276
17,SPEAKER_01,328242,328259
1443,SPEAKER_01,328276,329719
2733,SPEAKER_00,329431,332164
3786,SPEAKER_01,332894,336680
1494,SPEAKER_00,337427,338921
10951,SPEAKER_01,339295,350246
1019,SPEAKER_00,348123,349142
1494,SPEAKER_00,349685,351179
136,SPEAKER_00,351298,351434
9728,SPEAKER_01,352317,362045
5178,SPEAKER_00,361859,367037
2275,SPEAKER_01,367173,369448
8590,SPEAKER_00,369499,378089
136,SPEAKER_01,378361,378497
3854,SPEAKER_01,379397,383251
611,SPEAKER_00,379499,380110
1868,SPEAKER_01,383641,385509
2547,SPEAKER_01,386120,388667
475,SPEAKER_00,388667,389142
4414,SPEAKER_01,389142,393556
2241,SPEAKER_00,393556,395797
527,SPEAKER_01,395933,396460
237,SPEAKER_00,396460,396697
3718,SPEAKER_01,397275,400993
459,SPEAKER_00,400687,401146
3803,SPEAKER_01,401553,405356
9236,SPEAKER_01,405696,414932
390,SPEAKER_00,415458,415848
1392,SPEAKER_01,416409,417801
1086,SPEAKER_01,418022,419108
2106,SPEAKER_01,419702,421808
1053,SPEAKER_00,421332,422385
5432,SPEAKER_01,422691,428123
697,SPEAKER_00,428089,428786
6231,SPEAKER_01,429617,435848
3753,SPEAKER_01,436544,440297
5416,SPEAKER_01,440976,446392
5060,SPEAKER_01,446612,451672
696,SPEAKER_01,452096,452792
3277,SPEAKER_01,452860,456137
8828,SPEAKER_00,456494,465322
4770,SPEAKER_01,465645,470415
544,SPEAKER_00,468938,469482
6961,SPEAKER_00,470483,477444
1239,SPEAKER_01,477852,479091
5484,SPEAKER_00,479244,484728
492,SPEAKER_01,483828,484320
4058,SPEAKER_01,485220,489278
459,SPEAKER_00,488972,489431
5433,SPEAKER_01,490246,495679
4313,SPEAKER_01,495865,500178
408,SPEAKER_01,500619,501027
17,SPEAKER_01,501061,501078
339,SPEAKER_00,501078,501417
1579,SPEAKER_01,502011,503590
305,SPEAKER_00,503421,503726
5824,SPEAKER_01,504439,510263
883,SPEAKER_00,510263,511146
2003,SPEAKER_01,511655,513658
5179,SPEAKER_01,514371,519550
2071,SPEAKER_01,520059,522130
1120,SPEAKER_01,522385,523505
4431,SPEAKER_01,524032,528463
2105,SPEAKER_01,528701,530806
781,SPEAKER_00,530806,531587
2649,SPEAKER_01,532215,534864
3956,SPEAKER_01,535101,539057
3769,SPEAKER_00,538446,542215
951,SPEAKER_01,542147,543098
2716,SPEAKER_00,543098,545814
4872,SPEAKER_01,546375,551247
832,SPEAKER_00,546392,547224
4431,SPEAKER_00,551638,556069
4516,SPEAKER_01,556392,560908
1239,SPEAKER_00,561893,563132
611,SPEAKER_01,562402,563013
781,SPEAKER_00,563438,564219
951,SPEAKER_01,564592,565543
306,SPEAKER_00,565458,565764
5382,SPEAKER_01,566086,571468
323,SPEAKER_00,571468,571791
1239,SPEAKER_01,573115,574354
12343,SPEAKER_01,574558,586901
3073,SPEAKER_00,586392,589465
3702,SPEAKER_01,589668,593370
4703,SPEAKER_01,594507,599210
8013,SPEAKER_01,599601,607614
560,SPEAKER_00,606511,607071
798,SPEAKER_01,607954,608752
882,SPEAKER_00,608005,608887
136,SPEAKER_01,608887,609023
1257,SPEAKER_01,609074,610331
747,SPEAKER_00,609872,610619
6910,SPEAKER_01,610959,617869
322,SPEAKER_00,614066,614388
407,SPEAKER_00,615577,615984
1392,SPEAKER_01,617937,619329
204,SPEAKER_01,620398,620602
3412,SPEAKER_01,621044,624456
4584,SPEAKER_01,624541,629125
424,SPEAKER_00,629193,629617
2665,SPEAKER_01,629482,632147
391,SPEAKER_00,632215,632606
357,SPEAKER_01,632979,633336
2275,SPEAKER_01,633947,636222
900,SPEAKER_01,636375,637275
2445,SPEAKER_01,637869,640314
730,SPEAKER_00,639193,639923
2428,SPEAKER_00,640670,643098
458,SPEAKER_01,643183,643641
492,SPEAKER_01,643947,644439
6689,SPEAKER_01,645356,652045
153,SPEAKER_00,649057,649210
425,SPEAKER_00,651977,652402
950,SPEAKER_01,652521,653471
3447,SPEAKER_01,653743,657190
3718,SPEAKER_00,657292,661010
9355,SPEAKER_01,661315,670670
543,SPEAKER_00,666782,667325
1460,SPEAKER_00,670195,671655
4771,SPEAKER_01,671655,676426
985,SPEAKER_01,676952,677937
934,SPEAKER_01,678208,679142
4313,SPEAKER_01,679617,683930
2580,SPEAKER_01,684100,686680
476,SPEAKER_00,686680,687156
34,SPEAKER_01,686697,686731
2326,SPEAKER_01,687427,689753
3650,SPEAKER_01,690144,693794
544,SPEAKER_00,694269,694813
3990,SPEAKER_01,694439,698429
2037,SPEAKER_01,698582,700619
1086,SPEAKER_00,699601,700687
34,SPEAKER_01,700687,700721
6248,SPEAKER_01,701672,707920
3124,SPEAKER_01,708242,711366
3769,SPEAKER_01,711689,715458
3005,SPEAKER_01,715984,718989
323,SPEAKER_00,718174,718497
3498,SPEAKER_01,720636,724134
543,SPEAKER_00,724168,724711
1205,SPEAKER_01,724796,726001
4160,SPEAKER_01,726646,730806
2615,SPEAKER_01,731434,734049
4261,SPEAKER_01,734592,738853
4991,SPEAKER_01,739448,744439
2258,SPEAKER_01,745084,747342
849,SPEAKER_01,748123,748972
849,SPEAKER_01,749736,750585
4091,SPEAKER_01,751808,755899
1612,SPEAKER_01,756477,758089
1664,SPEAKER_00,757682,759346
7708,SPEAKER_01,760178,767886
527,SPEAKER_00,761281,761808
2547,SPEAKER_00,768395,770942
2802,SPEAKER_01,771366,774168
1579,SPEAKER_01,774320,775899
679,SPEAKER_01,777207,777886
17,SPEAKER_01,777988,778005
8608,SPEAKER_01,778106,786714
2173,SPEAKER_00,786833,789006
3871,SPEAKER_01,789634,793505
170,SPEAKER_00,793828,793998
933,SPEAKER_01,794915,795848
3752,SPEAKER_01,796001,799753
2326,SPEAKER_01,800314,802640
985,SPEAKER_01,803166,804151
1528,SPEAKER_01,804813,806341
4194,SPEAKER_01,806748,810942
3107,SPEAKER_01,811400,814507
1392,SPEAKER_01,814524,815916
424,SPEAKER_00,815373,815797
391,SPEAKER_01,816137,816528
832,SPEAKER_01,816986,817818
6978,SPEAKER_01,818565,825543
340,SPEAKER_00,823624,823964
10051,SPEAKER_00,826120,836171
492,SPEAKER_01,826969,827461
305,SPEAKER_01,829482,829787
5484,SPEAKER_01,836358,841842
1545,SPEAKER_00,841960,843505
1460,SPEAKER_01,843353,844813
374,SPEAKER_00,844575,844949
1868,SPEAKER_00,845390,847258
475,SPEAKER_01,847699,848174
340,SPEAKER_01,849006,849346
2717,SPEAKER_01,849736,852453
2139,SPEAKER_00,852419,854558
34,SPEAKER_00,854626,854660
221,SPEAKER_01,854660,854881
1307,SPEAKER_00,854677,855984
220,SPEAKER_01,856358,856578
849,SPEAKER_00,856714,857563
747,SPEAKER_00,857750,858497
798,SPEAKER_01,859057,859855
3633,SPEAKER_00,859940,863573
1732,SPEAKER_00,865169,866901
4889,SPEAKER_01,867156,872045
38404,SPEAKER_00,872096,910500
340,SPEAKER_01,882962,883302
1257,SPEAKER_01,910585,911842
16638,SPEAKER_00,911672,928310
696,SPEAKER_01,928446,929142
12632,SPEAKER_00,929176,941808
527,SPEAKER_01,938225,938752
5128,SPEAKER_00,942130,947258
6775,SPEAKER_00,947342,954117
3464,SPEAKER_00,955916,959380
12751,SPEAKER_00,959651,972402
594,SPEAKER_00,972894,973488
4618,SPEAKER_00,974898,979516
2937,SPEAKER_01,980110,983047
4210,SPEAKER_00,984134,988344
6044,SPEAKER_00,989278,995322
12581,SPEAKER_00,995967,1008548
2157,SPEAKER_00,1008853,1011010
560,SPEAKER_01,1011027,1011587
4414,SPEAKER_00,1011587,1016001
8081,SPEAKER_00,1017258,1025339
16401,SPEAKER_00,1025797,1042198
6588,SPEAKER_00,1042826,1049414
17,SPEAKER_00,1049465,1049482
4702,SPEAKER_00,1049567,1054269
7215,SPEAKER_00,1054847,1062062
14873,SPEAKER_00,1062385,1077258
14787,SPEAKER_01,1078022,1092809
11715,SPEAKER_00,1092147,1103862
883,SPEAKER_01,1098938,1099821
51,SPEAKER_01,1103387,1103438
900,SPEAKER_01,1103624,1104524
12139,SPEAKER_00,1104711,1116850
527,SPEAKER_01,1117427,1117954
5858,SPEAKER_00,1118089,1123947
339,SPEAKER_01,1124066,1124405
5433,SPEAKER_01,1124915,1130348
3056,SPEAKER_00,1129872,1132928
5823,SPEAKER_00,1133353,1139176
6333,SPEAKER_01,1139380,1145713
1477,SPEAKER_00,1145628,1147105
2665,SPEAKER_01,1146256,1148921
1460,SPEAKER_00,1149023,1150483
340,SPEAKER_01,1150483,1150823
2665,SPEAKER_00,1150976,1153641
4635,SPEAKER_00,1154609,1159244
391,SPEAKER_01,1159685,1160076
1613,SPEAKER_00,1160738,1162351
577,SPEAKER_01,1163845,1164422
2054,SPEAKER_00,1164134,1166188
3345,SPEAKER_01,1166103,1169448
509,SPEAKER_00,1167258,1167767
14448,SPEAKER_00,1169448,1183896
7607,SPEAKER_00,1184286,1191893
373,SPEAKER_01,1191893,1192266
153,SPEAKER_00,1192266,1192419
3888,SPEAKER_00,1192877,1196765
14380,SPEAKER_00,1197750,1212130
1918,SPEAKER_00,1212504,1214422
2156,SPEAKER_00,1214915,1217071
1579,SPEAKER_01,1219108,1220687
1137,SPEAKER_00,1220331,1221468
51,SPEAKER_01,1220789,1220840
764,SPEAKER_01,1221468,1222232
5229,SPEAKER_00,1222232,1227461
238,SPEAKER_01,1227495,1227733
832,SPEAKER_00,1228446,1229278
289,SPEAKER_01,1229278,1229567
17,SPEAKER_01,1229584,1229601
17,SPEAKER_00,1229838,1229855
34,SPEAKER_01,1229855,1229889
68,SPEAKER_00,1229889,1229957
883,SPEAKER_01,1229957,1230840
3039,SPEAKER_00,1231010,1234049
22530,SPEAKER_00,1234575,1257105
2547,SPEAKER_01,1257614,1260161
3192,SPEAKER_01,1260755,1263947
1936,SPEAKER_00,1264337,1266273
1647,SPEAKER_01,1265492,1267139
3294,SPEAKER_00,1267444,1270738
2174,SPEAKER_01,1271162,1273336
13990,SPEAKER_00,1272792,1286782
2004,SPEAKER_01,1286782,1288786
4550,SPEAKER_00,1288735,1293285
21409,SPEAKER_00,1293692,1315101
1137,SPEAKER_01,1315475,1316612
5722,SPEAKER_00,1316901,1322623
6027,SPEAKER_01,1320025,1326052
119,SPEAKER_00,1326052,1326171
204,SPEAKER_01,1326171,1326375
3005,SPEAKER_01,1326918,1329923
2496,SPEAKER_00,1329770,1332266
577,SPEAKER_01,1332266,1332843
6332,SPEAKER_00,1332606,1338938
2767,SPEAKER_01,1338701,1341468
9185,SPEAKER_00,1341468,1350653
1986,SPEAKER_01,1344626,1346612
5399,SPEAKER_00,1351485,1356884
221,SPEAKER_01,1356935,1357156
3480,SPEAKER_00,1357869,1361349
204,SPEAKER_01,1359244,1359448
679,SPEAKER_00,1361808,1362487
2326,SPEAKER_01,1363217,1365543
305,SPEAKER_00,1363302,1363607
306,SPEAKER_00,1365441,1365747
2224,SPEAKER_01,1365865,1368089
7538,SPEAKER_00,1367801,1375339
306,SPEAKER_01,1370687,1370993
967,SPEAKER_00,1376375,1377342
3719,SPEAKER_00,1378089,1381808
7640,SPEAKER_01,1382351,1389991
424,SPEAKER_00,1388531,1388955
442,SPEAKER_00,1389855,1390297
883,SPEAKER_01,1390721,1391604
2428,SPEAKER_01,1391740,1394168
1070,SPEAKER_01,1394677,1395747
595,SPEAKER_00,1395916,1396511
798,SPEAKER_01,1396629,1397427
1460,SPEAKER_01,1398005,1399465
917,SPEAKER_01,1399685,1400602
2241,SPEAKER_01,1400755,1402996
3073,SPEAKER_01,1403387,1406460
357,SPEAKER_00,1406663,1407020
2751,SPEAKER_01,1407444,1410195
459,SPEAKER_01,1410449,1410908
6061,SPEAKER_01,1411281,1417342
374,SPEAKER_00,1417665,1418039
2547,SPEAKER_01,1418106,1420653
459,SPEAKER_00,1420585,1421044
425,SPEAKER_01,1421332,1421757
373,SPEAKER_01,1422691,1423064
2343,SPEAKER_01,1423692,1426035
934,SPEAKER_01,1426612,1427546
1833,SPEAKER_01,1427801,1429634
7827,SPEAKER_01,1430246,1438073
356,SPEAKER_00,1437071,1437427
1545,SPEAKER_01,1438548,1440093
2224,SPEAKER_00,1440025,1442249
187,SPEAKER_01,1442368,1442555
1630,SPEAKER_01,1443132,1444762
459,SPEAKER_00,1444524,1444983
14058,SPEAKER_01,1445424,1459482
442,SPEAKER_00,1458853,1459295
1902,SPEAKER_01,1459991,1461893
1528,SPEAKER_00,1461893,1463421
10119,SPEAKER_01,1463556,1473675
68,SPEAKER_00,1473556,1473624
374,SPEAKER_00,1473675,1474049
17,SPEAKER_01,1474049,1474066
4108,SPEAKER_01,1474779,1478887
2683,SPEAKER_00,1478989,1481672
493,SPEAKER_01,1480449,1480942
51,SPEAKER_01,1481553,1481604
2496,SPEAKER_01,1481672,1484168
11663,SPEAKER_00,1484168,1495831
1307,SPEAKER_01,1491400,1492707
2615,SPEAKER_01,1496035,1498650
425,SPEAKER_00,1498276,1498701
68,SPEAKER_01,1498701,1498769
458,SPEAKER_01,1499448,1499906
696,SPEAKER_01,1500229,1500925
4889,SPEAKER_01,1500976,1505865
7216,SPEAKER_01,1506544,1513760
815,SPEAKER_00,1513930,1514745
5908,SPEAKER_01,1515339,1521247
2853,SPEAKER_00,1521247,1524100
509,SPEAKER_01,1523743,1524252
204,SPEAKER_00,1524252,1524456
747,SPEAKER_01,1524456,1525203
1392,SPEAKER_00,1525186,1526578
4329,SPEAKER_01,1526392,1530721
322,SPEAKER_00,1530127,1530449
373,SPEAKER_01,1530942,1531315
1358,SPEAKER_00,1531129,1532487
561,SPEAKER_01,1532877,1533438
6791,SPEAKER_01,1533998,1540789
305,SPEAKER_00,1538022,1538327
475,SPEAKER_00,1539550,1540025
17,SPEAKER_00,1540059,1540076
323,SPEAKER_00,1540602,1540925
68,SPEAKER_01,1540925,1540993
1291,SPEAKER_01,1541281,1542572
798,SPEAKER_00,1542096,1542894
101,SPEAKER_01,1542657,1542758
34,SPEAKER_01,1542894,1542928
1002,SPEAKER_01,1542996,1543998
34,SPEAKER_01,1544032,1544066
356,SPEAKER_00,1544066,1544422
220,SPEAKER_01,1544083,1544303
34,SPEAKER_01,1544422,1544456
5416,SPEAKER_01,1544626,1550042
1833,SPEAKER_01,1550908,1552741
442,SPEAKER_00,1552741,1553183
900,SPEAKER_01,1552758,1553658
2071,SPEAKER_00,1553370,1555441
1358,SPEAKER_01,1556103,1557461
1749,SPEAKER_00,1557699,1559448
1783,SPEAKER_01,1559872,1561655
8082,SPEAKER_01,1561994,1570076
17,SPEAKER_01,1570398,1570415
136,SPEAKER_00,1570415,1570551
9439,SPEAKER_01,1571044,1580483
4635,SPEAKER_00,1578989,1583624
3412,SPEAKER_01,1583421,1586833
459,SPEAKER_00,1586544,1587003
560,SPEAKER_01,1587003,1587563
1596,SPEAKER_00,1587037,1588633
526,SPEAKER_01,1588633,1589159
221,SPEAKER_00,1589159,1589380
1324,SPEAKER_01,1589991,1591315
475,SPEAKER_00,1591553,1592028
3769,SPEAKER_01,1592266,1596035
476,SPEAKER_00,1596035,1596511
17,SPEAKER_01,1596052,1596069
475,SPEAKER_01,1596952,1597427
12512,SPEAKER_01,1597920,1610432
1426,SPEAKER_00,1610568,1611994
1019,SPEAKER_01,1612181,1613200
6808,SPEAKER_00,1613098,1619906
238,SPEAKER_01,1618089,1618327
4601,SPEAKER_01,1620008,1624609
1884,SPEAKER_00,1624711,1626595
8506,SPEAKER_01,1627190,1635696
1035,SPEAKER_00,1635696,1636731
951,SPEAKER_01,1636850,1637801
1342,SPEAKER_00,1637325,1638667
882,SPEAKER_01,1638786,1639668
764,SPEAKER_00,1640144,1640908
628,SPEAKER_01,1641298,1641926
968,SPEAKER_00,1641926,1642894
374,SPEAKER_01,1643811,1644185
2564,SPEAKER_00,1644558,1647122
8761,SPEAKER_01,1647750,1656511
1273,SPEAKER_01,1657224,1658497
1087,SPEAKER_01,1659108,1660195
7895,SPEAKER_01,1660755,1668650
3090,SPEAKER_00,1668582,1671672
2377,SPEAKER_01,1671825,1674202
288,SPEAKER_00,1673964,1674252
17,SPEAKER_01,1674252,1674269
4109,SPEAKER_01,1674354,1678463
543,SPEAKER_00,1678463,1679006
340,SPEAKER_01,1679940,1680280
713,SPEAKER_00,1680568,1681281
5025,SPEAKER_01,1681723,1686748
5535,SPEAKER_01,1687156,1692691
8370,SPEAKER_01,1692962,1701332
204,SPEAKER_00,1701332,1701536
442,SPEAKER_01,1702113,1702555
3990,SPEAKER_01,1703183,1707173
305,SPEAKER_00,1704779,1705084
7080,SPEAKER_01,1707410,1714490
476,SPEAKER_00,1714235,1714711
2071,SPEAKER_01,1714711,1716782
3175,SPEAKER_00,1717139,1720314
2750,SPEAKER_01,1720331,1723081
730,SPEAKER_00,1722198,1722928
17,SPEAKER_00,1722962,1722979
102,SPEAKER_00,1723081,1723183
17,SPEAKER_01,1723183,1723200
441,SPEAKER_00,1723200,1723641
5687,SPEAKER_01,1723302,1728989
374,SPEAKER_00,1727444,1727818
1239,SPEAKER_00,1728514,1729753
1223,SPEAKER_01,1729702,1730925
781,SPEAKER_00,1730059,1730840
781,SPEAKER_01,1731366,1732147
849,SPEAKER_00,1732164,1733013
3973,SPEAKER_01,1733149,1737122
1969,SPEAKER_01,1737682,1739651
3362,SPEAKER_01,1739889,1743251
2275,SPEAKER_00,1742911,1745186
2903,SPEAKER_01,1745509,1748412
1494,SPEAKER_01,1748955,1750449
1494,SPEAKER_00,1750263,1751757
442,SPEAKER_01,1751926,1752368
9762,SPEAKER_01,1753743,1763505
306,SPEAKER_00,1761247,1761553
8319,SPEAKER_01,1763913,1772232
441,SPEAKER_00,1770789,1771230
1103,SPEAKER_00,1771774,1772877
2461,SPEAKER_01,1772606,1775067
1069,SPEAKER_00,1774966,1776035
2156,SPEAKER_01,1776154,1778310
713,SPEAKER_01,1778582,1779295
3600,SPEAKER_01,1781162,1784762
2105,SPEAKER_00,1784473,1786578
5076,SPEAKER_01,1786409,1791485
2734,SPEAKER_00,1791485,1794219
1308,SPEAKER_01,1792792,1794100
1834,SPEAKER_01,1794473,1796307
696,SPEAKER_00,1796171,1796867
798,SPEAKER_01,1796867,1797665
832,SPEAKER_00,1797665,1798497
1783,SPEAKER_01,1798582,1800365
2156,SPEAKER_01,1800653,1802809
6842,SPEAKER_01,1803200,1810042
424,SPEAKER_01,1810857,1811281
7555,SPEAKER_01,1811604,1819159
2156,SPEAKER_01,1819380,1821536
815,SPEAKER_00,1821230,1822045
34,SPEAKER_00,1822198,1822232
6503,SPEAKER_01,1822707,1829210
323,SPEAKER_00,1829210,1829533
3395,SPEAKER_01,1829533,1832928
50,SPEAKER_00,1829567,1829617
985,SPEAKER_01,1833539,1834524
136,SPEAKER_00,1833607,1833743
339,SPEAKER_00,1834202,1834541
9966,SPEAKER_01,1834541,1844507
357,SPEAKER_00,1838344,1838701
357,SPEAKER_00,1845016,1845373
3787,SPEAKER_01,1845797,1849584
424,SPEAKER_00,1849584,1850008
2563,SPEAKER_01,1850314,1852877
11749,SPEAKER_00,1852826,1864575
509,SPEAKER_01,1860127,1860636
4312,SPEAKER_01,1864219,1868531
3226,SPEAKER_00,1867665,1870891
543,SPEAKER_01,1868820,1869363
1884,SPEAKER_01,1870959,1872843
391,SPEAKER_00,1872741,1873132
1681,SPEAKER_01,1873098,1874779
2478,SPEAKER_00,1874830,1877308
6010,SPEAKER_00,1877954,1883964
764,SPEAKER_01,1884202,1884966
764,SPEAKER_00,1884473,1885237
1307,SPEAKER_01,1885645,1886952
4482,SPEAKER_00,1887020,1891502
6723,SPEAKER_00,1891672,1898395
1969,SPEAKER_01,1898548,1900517
136,SPEAKER_00,1899176,1899312
3515,SPEAKER_00,1900449,1903964
1290,SPEAKER_01,1904507,1905797
27556,SPEAKER_00,1905831,1933387
916,SPEAKER_01,1921078,1921994
510,SPEAKER_01,1932911,1933421
14855,SPEAKER_00,1933421,1948276
11885,SPEAKER_00,1948904,1960789
24296,SPEAKER_00,1961230,1985526
221,SPEAKER_01,1965186,1965407
1188,SPEAKER_01,1973217,1974405
1562,SPEAKER_00,1986120,1987682
475,SPEAKER_00,1988429,1988904
2021,SPEAKER_01,1989787,1991808
7147,SPEAKER_00,1991842,1998989
3090,SPEAKER_01,1999787,2002877
1171,SPEAKER_00,2003081,2004252
407,SPEAKER_01,2003862,2004269
2343,SPEAKER_00,2004269,2006612
17,SPEAKER_00,2006629,2006646
238,SPEAKER_01,2006646,2006884
119,SPEAKER_00,2006663,2006782
1986,SPEAKER_00,2007139,2009125
4839,SPEAKER_00,2010466,2015305
34,SPEAKER_00,2015373,2015407
7402,SPEAKER_01,2015407,2022809
391,SPEAKER_00,2022809,2023200
2852,SPEAKER_01,2023200,2026052
832,SPEAKER_00,2025933,2026765
2326,SPEAKER_01,2026969,2029295
696,SPEAKER_00,2029159,2029855
5739,SPEAKER_01,2029855,2035594
51,SPEAKER_00,2035203,2035254
7368,SPEAKER_01,2035645,2043013
425,SPEAKER_00,2042011,2042436
1817,SPEAKER_01,2043777,2045594
4737,SPEAKER_01,2046239,2050976
1477,SPEAKER_00,2050976,2052453
322,SPEAKER_01,2051604,2051926
5059,SPEAKER_01,2052436,2057495
594,SPEAKER_00,2055373,2055967
4839,SPEAKER_00,2057767,2062606
8387,SPEAKER_01,2062877,2071264
204,SPEAKER_00,2063234,2063438
407,SPEAKER_00,2069380,2069787
119,SPEAKER_00,2070823,2070942
6825,SPEAKER_00,2071638,2078463
407,SPEAKER_01,2076188,2076595
3226,SPEAKER_01,2078633,2081859
424,SPEAKER_00,2081842,2082266
4567,SPEAKER_01,2082809,2087376
1868,SPEAKER_01,2087495,2089363
1867,SPEAKER_00,2089363,2091230
4346,SPEAKER_00,2091859,2096205
5773,SPEAKER_00,2096680,2102453
2581,SPEAKER_00,2103183,2105764
425,SPEAKER_01,2104473,2104898
340,SPEAKER_01,2105865,2106205
34,SPEAKER_00,2106205,2106239
1426,SPEAKER_00,2106256,2107682
20509,SPEAKER_00,2108361,2128870
2989,SPEAKER_01,2129685,2132674
6044,SPEAKER_00,2132674,2138718
424,SPEAKER_01,2134185,2134609
2156,SPEAKER_01,2137614,2139770
8286,SPEAKER_00,2139770,2148056
272,SPEAKER_01,2145458,2145730
4957,SPEAKER_00,2149482,2154439
322,SPEAKER_01,2154728,2155050
1596,SPEAKER_00,2155475,2157071
356,SPEAKER_01,2157139,2157495
2088,SPEAKER_00,2158022,2160110
561,SPEAKER_01,2159023,2159584
10543,SPEAKER_01,2160110,2170653
34,SPEAKER_00,2160212,2160246
1103,SPEAKER_00,2165764,2166867
391,SPEAKER_00,2168955,2169346
102,SPEAKER_00,2169380,2169482
5246,SPEAKER_01,2171078,2176324
985,SPEAKER_00,2175424,2176409
1782,SPEAKER_01,2176409,2178191
4737,SPEAKER_00,2177614,2182351
5297,SPEAKER_01,2182419,2187716
5824,SPEAKER_01,2188123,2193947
5247,SPEAKER_01,2194354,2199601
425,SPEAKER_00,2194439,2194864
340,SPEAKER_00,2199108,2199448
14262,SPEAKER_01,2199821,2214083
356,SPEAKER_00,2214083,2214439
2123,SPEAKER_01,2214405,2216528
424,SPEAKER_00,2216409,2216833
2173,SPEAKER_01,2216833,2219006
2258,SPEAKER_00,2218497,2220755
3786,SPEAKER_01,2220891,2224677
187,SPEAKER_00,2221536,2221723
17,SPEAKER_00,2221740,2221757
5484,SPEAKER_00,2225288,2230772
3701,SPEAKER_01,2229804,2233505
2478,SPEAKER_00,2233302,2235780
407,SPEAKER_01,2234847,2235254
85,SPEAKER_01,2236035,2236120
2699,SPEAKER_01,2236205,2238904
458,SPEAKER_00,2236969,2237427
4499,SPEAKER_00,2238039,2242538
119,SPEAKER_01,2239736,2239855
11189,SPEAKER_01,2240670,2251859
2326,SPEAKER_00,2247835,2250161
5399,SPEAKER_00,2251010,2256409
2123,SPEAKER_01,2256561,2258684
8761,SPEAKER_01,2259227,2267988
391,SPEAKER_00,2266663,2267054
3260,SPEAKER_01,2268548,2271808
3854,SPEAKER_01,2272079,2275933
6078,SPEAKER_01,2276154,2282232
1171,SPEAKER_00,2276205,2277376
4210,SPEAKER_01,2282538,2286748
2954,SPEAKER_01,2287054,2290008
4634,SPEAKER_01,2290382,2295016
425,SPEAKER_00,2292011,2292436
4142,SPEAKER_01,2295713,2299855
1087,SPEAKER_00,2299125,2300212
4771,SPEAKER_01,2299923,2304694
356,SPEAKER_00,2305000,2305356
1324,SPEAKER_01,2305373,2306697
2818,SPEAKER_00,2306884,2309702
424,SPEAKER_01,2310297,2310721
1681,SPEAKER_00,2310568,2312249
340,SPEAKER_01,2311162,2311502
1392,SPEAKER_01,2313098,2314490
6027,SPEAKER_00,2314490,2320517
645,SPEAKER_01,2321146,2321791
12819,SPEAKER_00,2322079,2334898
5738,SPEAKER_00,2335628,2341366
442,SPEAKER_01,2338938,2339380
3056,SPEAKER_00,2341808,2344864
1494,SPEAKER_01,2344830,2346324
36248,SPEAKER_00,2345797,2382045
747,SPEAKER_01,2370212,2370959
408,SPEAKER_01,2380653,2381061
4754,SPEAKER_01,2382317,2387071
1308,SPEAKER_00,2386714,2388022
4313,SPEAKER_00,2388191,2392504
6706,SPEAKER_00,2393030,2399736
3498,SPEAKER_00,2399770,2403268
1817,SPEAKER_01,2403624,2405441
8641,SPEAKER_00,2405000,2413641
4940,SPEAKER_00,2413964,2418904
17,SPEAKER_00,2419006,2419023
238,SPEAKER_01,2419023,2419261
34,SPEAKER_00,2419261,2419295
9763,SPEAKER_00,2419634,2429397
1036,SPEAKER_00,2429736,2430772
4058,SPEAKER_00,2431655,2435713
67,SPEAKER_00,2435764,2435831
3956,SPEAKER_00,2435933,2439889
425,SPEAKER_01,2439702,2440127
34,SPEAKER_00,2439906,2439940
1087,SPEAKER_00,2439957,2441044
1223,SPEAKER_01,2441179,2442402
8217,SPEAKER_00,2442555,2450772
271,SPEAKER_01,2450993,2451264
2292,SPEAKER_00,2451400,2453692
9661,SPEAKER_00,2454269,2463930
747,SPEAKER_00,2464303,2465050
13871,SPEAKER_00,2465577,2479448
8183,SPEAKER_01,2480008,2488191
1426,SPEAKER_01,2488769,2490195
3480,SPEAKER_01,2490891,2494371
10764,SPEAKER_00,2493149,2503913
288,SPEAKER_01,2500195,2500483
3090,SPEAKER_01,2503132,2506222
1104,SPEAKER_00,2506561,2507665
441,SPEAKER_01,2506901,2507342
68,SPEAKER_01,2507665,2507733
7945,SPEAKER_01,2507852,2515797
560,SPEAKER_00,2515390,2515950
9219,SPEAKER_01,2515950,2525169
5824,SPEAKER_01,2527512,2533336
442,SPEAKER_00,2530585,2531027
373,SPEAKER_00,2531621,2531994
19575,SPEAKER_00,2533302,2552877
17,SPEAKER_00,2552996,2553013
18268,SPEAKER_00,2553081,2571349
13769,SPEAKER_01,2571791,2585560
424,SPEAKER_00,2585560,2585984
442,SPEAKER_01,2585933,2586375
5722,SPEAKER_01,2586918,2592640
5790,SPEAKER_00,2592215,2598005
4941,SPEAKER_00,2598412,2603353
3191,SPEAKER_01,2603438,2606629
6995,SPEAKER_00,2606969,2613964
3412,SPEAKER_00,2614694,2618106
2785,SPEAKER_00,2618344,2621129
764,SPEAKER_00,2622215,2622979
17,SPEAKER_00,2623251,2623268
187,SPEAKER_01,2623268,2623455
1392,SPEAKER_00,2623336,2624728
459,SPEAKER_01,2624541,2625000
1154,SPEAKER_00,2624898,2626052
2801,SPEAKER_00,2626477,2629278
882,SPEAKER_01,2628820,2629702
1341,SPEAKER_00,2630008,2631349
2632,SPEAKER_00,2631502,2634134
14804,SPEAKER_00,2634185,2648989
1205,SPEAKER_00,2650331,2651536
611,SPEAKER_01,2651825,2652436
3039,SPEAKER_00,2652741,2655780
8761,SPEAKER_00,2655984,2664745
3039,SPEAKER_01,2665594,2668633
3395,SPEAKER_00,2668039,2671434
3939,SPEAKER_00,2671757,2675696
3905,SPEAKER_00,2676256,2680161
305,SPEAKER_01,2680993,2681298
10968,SPEAKER_00,2681536,2692504
373,SPEAKER_01,2692674,2693047
526,SPEAKER_00,2693132,2693658
34,SPEAKER_00,2693930,2693964
7572,SPEAKER_01,2693964,2701536
271,SPEAKER_00,2693981,2694252
459,SPEAKER_00,2698361,2698820
408,SPEAKER_00,2701230,2701638
5195,SPEAKER_01,2701638,2706833
356,SPEAKER_00,2707190,2707546
1511,SPEAKER_01,2707224,2708735
4805,SPEAKER_01,2709244,2714049
425,SPEAKER_00,2712996,2713421
3752,SPEAKER_01,2714541,2718293
476,SPEAKER_00,2718174,2718650
2173,SPEAKER_01,2718803,2720976
9151,SPEAKER_01,2721129,2730280
424,SPEAKER_00,2730042,2730466
3141,SPEAKER_01,2730466,2733607
4346,SPEAKER_01,2733777,2738123
441,SPEAKER_00,2736375,2736816
492,SPEAKER_00,2738039,2738531
3107,SPEAKER_01,2738701,2741808
475,SPEAKER_00,2740857,2741332
9032,SPEAKER_00,2742130,2751162
15076,SPEAKER_00,2752334,2767410
306,SPEAKER_01,2759210,2759516
1460,SPEAKER_00,2767835,2769295
12648,SPEAKER_00,2769567,2782215
1307,SPEAKER_01,2783387,2784694
509,SPEAKER_00,2784507,2785016
594,SPEAKER_01,2784949,2785543
5297,SPEAKER_01,2785967,2791264
374,SPEAKER_00,2789040,2789414
4584,SPEAKER_00,2791536,2796120
1901,SPEAKER_01,2796969,2798870
7708,SPEAKER_00,2798870,2806578
5110,SPEAKER_01,2807224,2812334
798,SPEAKER_00,2810059,2810857
645,SPEAKER_00,2812674,2813319
1325,SPEAKER_01,2812707,2814032
6333,SPEAKER_01,2814405,2820738
424,SPEAKER_00,2819991,2820415
10747,SPEAKER_00,2821485,2832232
4092,SPEAKER_00,2832877,2836969
2224,SPEAKER_00,2837937,2840161
6791,SPEAKER_00,2840382,2847173
2683,SPEAKER_00,2848463,2851146
1103,SPEAKER_01,2852385,2853488
3497,SPEAKER_00,2852555,2856052
1273,SPEAKER_00,2856375,2857648
4941,SPEAKER_00,2858378,2863319
3209,SPEAKER_00,2864473,2867682
2055,SPEAKER_00,2868242,2870297
662,SPEAKER_00,2870823,2871485
662,SPEAKER_01,2872062,2872724
4618,SPEAKER_01,2873336,2877954
441,SPEAKER_00,2876205,2876646
1680,SPEAKER_01,2878056,2879736
442,SPEAKER_00,2879736,2880178
17,SPEAKER_01,2879770,2879787
2037,SPEAKER_01,2880229,2882266
5993,SPEAKER_01,2882470,2888463
424,SPEAKER_00,2884711,2885135
12903,SPEAKER_00,2887275,2900178
238,SPEAKER_01,2890551,2890789
136,SPEAKER_01,2895016,2895152
764,SPEAKER_01,2899516,2900280
4414,SPEAKER_00,2900280,2904694
4125,SPEAKER_01,2904796,2908921
306,SPEAKER_00,2905118,2905424
11511,SPEAKER_00,2907971,2919482
340,SPEAKER_01,2913064,2913404
1121,SPEAKER_01,2918327,2919448
17,SPEAKER_01,2919482,2919499
3073,SPEAKER_01,2920398,2923471
6146,SPEAKER_01,2924168,2930314
391,SPEAKER_00,2929668,2930059
5382,SPEAKER_01,2931095,2936477
4702,SPEAKER_00,2935764,2940466
594,SPEAKER_01,2940721,2941315
1664,SPEAKER_00,2941960,2943624
476,SPEAKER_01,2943624,2944100
3362,SPEAKER_00,2943641,2947003
3328,SPEAKER_00,2947359,2950687
968,SPEAKER_01,2950891,2951859
951,SPEAKER_00,2952028,2952979
4974,SPEAKER_01,2953132,2958106
662,SPEAKER_00,2954524,2955186
118,SPEAKER_00,2957292,2957410
1460,SPEAKER_01,2958769,2960229
408,SPEAKER_00,2958904,2959312
85,SPEAKER_00,2959906,2959991
