Duration (s),Speaker,start_ms,end_ms
2003,SPEAKER_01,263,2266
4550,SPEAKER_01,19193,23743
815,SPEAKER_00,23845,24660
3344,SPEAKER_01,24745,28089
255,SPEAKER_00,28089,28344
3566,SPEAKER_01,28106,31672
4975,SPEAKER_00,32096,37071
3837,SPEAKER_00,37495,41332
441,SPEAKER_00,41604,42045
4432,SPEAKER_01,42045,46477
866,SPEAKER_00,45424,46290
255,SPEAKER_01,46765,47020
136,SPEAKER_01,47071,47207
17,SPEAKER_01,47258,47275
16,SPEAKER_01,47292,47308
1646,SPEAKER_00,48056,49702
17,SPEAKER_00,49991,50008
5976,SPEAKER_00,50025,56001
1189,SPEAKER_00,56578,57767
3430,SPEAKER_01,57512,60942
17,SPEAKER_01,61027,61044
4176,SPEAKER_00,61044,65220
1647,SPEAKER_01,63624,65271
9932,SPEAKER_01,65916,75848
6689,SPEAKER_00,76205,82894
51,SPEAKER_01,78208,78259
238,SPEAKER_01,81230,81468
11069,SPEAKER_01,82470,93539
1307,SPEAKER_00,93896,95203
11052,SPEAKER_00,95577,106629
5365,SPEAKER_00,106663,112028
713,SPEAKER_01,106884,107597
4041,SPEAKER_00,112079,116120
340,SPEAKER_01,112130,112470
51,SPEAKER_01,116120,116171
2615,SPEAKER_01,116188,118803
323,SPEAKER_00,118938,119261
1188,SPEAKER_01,119261,120449
4788,SPEAKER_00,120721,125509
2275,SPEAKER_01,125152,127427
5314,SPEAKER_00,127937,133251
339,SPEAKER_01,132657,132996
1035,SPEAKER_00,134864,135899
6180,SPEAKER_00,136069,142249
322,SPEAKER_01,138039,138361
1902,SPEAKER_00,142707,144609
373,SPEAKER_01,144660,145033
17,SPEAKER_00,145033,145050
1902,SPEAKER_00,145067,146969
1069,SPEAKER_00,147818,148887
1001,SPEAKER_01,148684,149685
17,SPEAKER_01,149991,150008
12750,SPEAKER_01,150076,162826
407,SPEAKER_00,160297,160704
6621,SPEAKER_01,164168,170789
883,SPEAKER_00,170636,171519
3735,SPEAKER_01,171910,175645
9016,SPEAKER_01,175899,184915
10493,SPEAKER_01,185152,195645
2683,SPEAKER_00,196765,199448
3158,SPEAKER_01,199312,202470
798,SPEAKER_00,202945,203743
272,SPEAKER_01,203488,203760
102,SPEAKER_00,203760,203862
339,SPEAKER_00,203930,204269
628,SPEAKER_00,204388,205016
6044,SPEAKER_00,205543,211587
2122,SPEAKER_00,212130,214252
391,SPEAKER_01,214388,214779
8353,SPEAKER_00,214779,223132
3344,SPEAKER_01,223234,226578
12157,SPEAKER_00,226646,238803
407,SPEAKER_01,233302,233709
526,SPEAKER_01,236952,237478
4448,SPEAKER_01,238022,242470
272,SPEAKER_00,243030,243302
917,SPEAKER_01,243505,244422
1172,SPEAKER_00,245152,246324
3447,SPEAKER_01,246578,250025
4159,SPEAKER_01,250297,254456
764,SPEAKER_00,252691,253455
15297,SPEAKER_01,254983,270280
356,SPEAKER_00,261570,261926
1035,SPEAKER_00,264032,265067
3617,SPEAKER_00,270517,274134
119,SPEAKER_00,274541,274660
2734,SPEAKER_00,275067,277801
1274,SPEAKER_00,278310,279584
798,SPEAKER_00,279957,280755
357,SPEAKER_01,280755,281112
7096,SPEAKER_00,281078,288174
781,SPEAKER_01,285916,286697
408,SPEAKER_01,288089,288497
2632,SPEAKER_00,289125,291757
220,SPEAKER_01,291757,291977
2139,SPEAKER_00,292300,294439
4516,SPEAKER_00,294694,299210
424,SPEAKER_01,299210,299634
7471,SPEAKER_00,299787,307258
408,SPEAKER_01,304507,304915
407,SPEAKER_01,307173,307580
3854,SPEAKER_00,307648,311502
4398,SPEAKER_01,311213,315611
17,SPEAKER_01,315628,315645
288,SPEAKER_00,315645,315933
17,SPEAKER_01,315662,315679
917,SPEAKER_01,315933,316850
6502,SPEAKER_00,317190,323692
1409,SPEAKER_01,317665,319074
407,SPEAKER_01,322538,322945
3209,SPEAKER_00,324252,327461
1647,SPEAKER_01,327461,329108
4737,SPEAKER_00,329685,334422
221,SPEAKER_01,334660,334881
3786,SPEAKER_00,334881,338667
68,SPEAKER_01,334898,334966
848,SPEAKER_01,338803,339651
2631,SPEAKER_00,340365,342996
4499,SPEAKER_00,343353,347852
424,SPEAKER_01,347852,348276
7045,SPEAKER_00,348837,355882
951,SPEAKER_00,356307,357258
883,SPEAKER_00,358412,359295
7742,SPEAKER_00,359855,367597
322,SPEAKER_01,367258,367580
85,SPEAKER_01,367597,367682
2309,SPEAKER_00,368344,370653
560,SPEAKER_01,370993,371553
10102,SPEAKER_00,372062,382164
1206,SPEAKER_01,380517,381723
3225,SPEAKER_00,382555,385780
645,SPEAKER_01,385696,386341
5705,SPEAKER_00,386816,392521
4346,SPEAKER_01,392266,396612
476,SPEAKER_00,393488,393964
7063,SPEAKER_00,396918,403981
7182,SPEAKER_00,404456,411638
492,SPEAKER_01,411638,412130
1987,SPEAKER_00,412096,414083
4126,SPEAKER_00,414643,418769
764,SPEAKER_01,419176,419940
4075,SPEAKER_00,420042,424117
5586,SPEAKER_01,423013,428599
1273,SPEAKER_00,428786,430059
3379,SPEAKER_01,429872,433251
272,SPEAKER_00,431179,431451
2326,SPEAKER_00,433828,436154
6400,SPEAKER_01,436460,442860
6146,SPEAKER_00,442555,448701
509,SPEAKER_01,448735,449244
3972,SPEAKER_00,449499,453471
374,SPEAKER_01,453488,453862
17,SPEAKER_00,453862,453879
2597,SPEAKER_00,453998,456595
1205,SPEAKER_00,457054,458259
1206,SPEAKER_01,458361,459567
1512,SPEAKER_00,459634,461146
1409,SPEAKER_01,460263,461672
5161,SPEAKER_00,461672,466833
475,SPEAKER_01,461740,462215
238,SPEAKER_00,466884,467122
866,SPEAKER_01,467122,467988
866,SPEAKER_00,468089,468955
220,SPEAKER_01,468633,468853
323,SPEAKER_01,468955,469278
17,SPEAKER_00,469278,469295
5704,SPEAKER_00,469431,475135
5212,SPEAKER_01,475237,480449
204,SPEAKER_00,478140,478344
68,SPEAKER_00,479482,479550
815,SPEAKER_00,481179,481994
7929,SPEAKER_00,482283,490212
356,SPEAKER_01,490297,490653
4483,SPEAKER_00,491213,495696
306,SPEAKER_01,492317,492623
984,SPEAKER_01,494949,495933
578,SPEAKER_00,495933,496511
526,SPEAKER_01,496375,496901
1851,SPEAKER_00,497393,499244
391,SPEAKER_01,499176,499567
6672,SPEAKER_00,499872,506544
663,SPEAKER_01,506544,507207
10612,SPEAKER_00,507325,517937
1375,SPEAKER_00,518446,519821
357,SPEAKER_01,519685,520042
509,SPEAKER_00,520246,520755
798,SPEAKER_00,521315,522113
3379,SPEAKER_00,522877,526256
7725,SPEAKER_00,526460,534185
1206,SPEAKER_01,534286,535492
5042,SPEAKER_00,535662,540704
3583,SPEAKER_01,539074,542657
7198,SPEAKER_00,542453,549651
1528,SPEAKER_00,550212,551740
1019,SPEAKER_01,551994,553013
11274,SPEAKER_01,553471,564745
374,SPEAKER_00,555848,556222
4176,SPEAKER_00,565526,569702
2394,SPEAKER_01,569702,572096
356,SPEAKER_00,571146,571502
272,SPEAKER_00,572945,573217
2445,SPEAKER_01,573794,576239
3650,SPEAKER_00,576511,580161
238,SPEAKER_01,580483,580721
577,SPEAKER_01,581095,581672
16706,SPEAKER_00,582198,598904
390,SPEAKER_01,589448,589838
441,SPEAKER_01,592385,592826
357,SPEAKER_01,598904,599261
9067,SPEAKER_01,599770,608837
3192,SPEAKER_01,608921,612113
204,SPEAKER_00,610415,610619
441,SPEAKER_01,612419,612860
2717,SPEAKER_01,613013,615730
1612,SPEAKER_00,616494,618106
5263,SPEAKER_01,618259,623522
560,SPEAKER_00,624100,624660
136,SPEAKER_01,624660,624796
11069,SPEAKER_00,624796,635865
170,SPEAKER_01,624830,625000
272,SPEAKER_01,627359,627631
3990,SPEAKER_01,635916,639906
7488,SPEAKER_00,638955,646443
238,SPEAKER_01,643862,644100
3667,SPEAKER_01,645339,649006
5908,SPEAKER_00,649346,655254
441,SPEAKER_01,655424,655865
2717,SPEAKER_00,655797,658514
713,SPEAKER_01,658480,659193
628,SPEAKER_01,659516,660144
2326,SPEAKER_00,659940,662266
4040,SPEAKER_01,661859,665899
442,SPEAKER_00,665899,666341
34,SPEAKER_01,666341,666375
271,SPEAKER_01,666443,666714
832,SPEAKER_01,667648,668480
30255,SPEAKER_01,668870,699125
323,SPEAKER_00,682860,683183
4194,SPEAKER_01,699736,703930
3973,SPEAKER_01,704762,708735
5077,SPEAKER_00,709142,714219
4363,SPEAKER_00,715288,719651
17,SPEAKER_00,719906,719923
255,SPEAKER_01,719923,720178
3837,SPEAKER_00,720331,724168
408,SPEAKER_01,724439,724847
2241,SPEAKER_00,724847,727088
509,SPEAKER_00,727699,728208
916,SPEAKER_00,729567,730483
611,SPEAKER_01,731791,732402
6011,SPEAKER_00,735118,741129
2564,SPEAKER_01,739634,742198
510,SPEAKER_00,741213,741723
1765,SPEAKER_00,741910,743675
4788,SPEAKER_01,743675,748463
1086,SPEAKER_01,748837,749923
5195,SPEAKER_01,750229,755424
356,SPEAKER_00,751146,751502
4873,SPEAKER_01,755814,760687
13395,SPEAKER_01,761061,774456
17589,SPEAKER_01,774813,792402
221,SPEAKER_01,792792,793013
1664,SPEAKER_01,793217,794881
9949,SPEAKER_01,795543,805492
1953,SPEAKER_00,805882,807835
10085,SPEAKER_01,807444,817529
204,SPEAKER_00,811332,811536
7928,SPEAKER_01,818022,825950
11697,SPEAKER_01,826409,838106
8913,SPEAKER_01,838599,847512
8200,SPEAKER_01,847971,856171
2649,SPEAKER_01,856578,859227
629,SPEAKER_00,859719,860348
3073,SPEAKER_01,860348,863421
6978,SPEAKER_01,863947,870925
17,SPEAKER_01,871095,871112
237,SPEAKER_00,871112,871349
85,SPEAKER_01,871349,871434
866,SPEAKER_01,871621,872487
8014,SPEAKER_01,872809,880823
305,SPEAKER_00,879601,879906
730,SPEAKER_00,880059,880789
7114,SPEAKER_00,881553,888667
306,SPEAKER_01,884592,884898
424,SPEAKER_01,886969,887393
6961,SPEAKER_00,889142,896103
1324,SPEAKER_01,894728,896052
1138,SPEAKER_00,896680,897818
3191,SPEAKER_00,898803,901994
390,SPEAKER_01,901893,902283
4753,SPEAKER_00,902691,907444
730,SPEAKER_01,907122,907852
527,SPEAKER_00,907461,907988
5789,SPEAKER_00,908548,914337
781,SPEAKER_00,914983,915764
6978,SPEAKER_00,916069,923047
424,SPEAKER_01,922368,922792
476,SPEAKER_01,922860,923336
3668,SPEAKER_00,923488,927156
2971,SPEAKER_01,927139,930110
544,SPEAKER_00,929617,930161
6944,SPEAKER_00,930704,937648
866,SPEAKER_01,934762,935628
5110,SPEAKER_01,936935,942045
4805,SPEAKER_00,942368,947173
4669,SPEAKER_01,946443,951112
7623,SPEAKER_01,952283,959906
102,SPEAKER_00,960263,960365
2326,SPEAKER_00,960823,963149
3446,SPEAKER_00,963302,966748
289,SPEAKER_01,965152,965441
12139,SPEAKER_01,967139,979278
306,SPEAKER_00,972232,972538
14550,SPEAKER_01,979787,994337
203,SPEAKER_01,994932,995135
3548,SPEAKER_00,995730,999278
645,SPEAKER_01,998752,999397
17,SPEAKER_00,999397,999414
764,SPEAKER_00,999550,1000314
4533,SPEAKER_00,1000653,1005186
203,SPEAKER_01,1004966,1005169
1613,SPEAKER_01,1005186,1006799
1902,SPEAKER_00,1007665,1009567
3837,SPEAKER_01,1009482,1013319
2173,SPEAKER_01,1013726,1015899
2733,SPEAKER_01,1016409,1019142
3956,SPEAKER_01,1019855,1023811
6299,SPEAKER_00,1025458,1031757
984,SPEAKER_01,1030959,1031943
1222,SPEAKER_00,1032249,1033471
1749,SPEAKER_00,1034303,1036052
7539,SPEAKER_00,1037359,1044898
1325,SPEAKER_01,1044439,1045764
951,SPEAKER_00,1046035,1046986
916,SPEAKER_01,1046511,1047427
16995,SPEAKER_00,1047818,1064813
204,SPEAKER_01,1052232,1052436
543,SPEAKER_01,1059346,1059889
9762,SPEAKER_01,1063200,1072962
849,SPEAKER_01,1073624,1074473
1817,SPEAKER_01,1075101,1076918
3837,SPEAKER_01,1077359,1081196
13854,SPEAKER_01,1081706,1095560
713,SPEAKER_00,1084864,1085577
169,SPEAKER_00,1085713,1085882
8591,SPEAKER_00,1095797,1104388
390,SPEAKER_01,1099363,1099753
374,SPEAKER_01,1104388,1104762
4193,SPEAKER_00,1104694,1108887
424,SPEAKER_01,1108803,1109227
2003,SPEAKER_00,1109227,1111230
30034,SPEAKER_01,1110976,1141010
204,SPEAKER_00,1131994,1132198
3599,SPEAKER_01,1141672,1145271
1613,SPEAKER_01,1145679,1147292
1409,SPEAKER_01,1147682,1149091
3820,SPEAKER_00,1149516,1153336
11629,SPEAKER_01,1152623,1164252
323,SPEAKER_00,1155322,1155645
3294,SPEAKER_01,1164643,1167937
1291,SPEAKER_00,1168157,1169448
1069,SPEAKER_01,1169380,1170449
34,SPEAKER_00,1169465,1169499
357,SPEAKER_00,1169957,1170314
2021,SPEAKER_01,1170602,1172623
424,SPEAKER_00,1170789,1171213
10577,SPEAKER_01,1173845,1184422
441,SPEAKER_00,1173862,1174303
16520,SPEAKER_00,1185373,1201893
68,SPEAKER_01,1189651,1189719
305,SPEAKER_01,1190891,1191196
390,SPEAKER_01,1194100,1194490
3430,SPEAKER_01,1201400,1204830
2054,SPEAKER_00,1204949,1207003
9474,SPEAKER_01,1207003,1216477
747,SPEAKER_00,1216765,1217512
68,SPEAKER_01,1216816,1216884
17,SPEAKER_01,1216986,1217003
51,SPEAKER_01,1217224,1217275
492,SPEAKER_01,1217292,1217784
8642,SPEAKER_00,1217784,1226426
8778,SPEAKER_01,1225237,1234015
3684,SPEAKER_01,1234032,1237716
4108,SPEAKER_00,1237937,1242045
2904,SPEAKER_01,1241943,1244847
6791,SPEAKER_00,1246018,1252809
7471,SPEAKER_01,1253471,1260942
425,SPEAKER_00,1256544,1256969
5450,SPEAKER_00,1261383,1266833
255,SPEAKER_01,1263573,1263828
1494,SPEAKER_01,1266680,1268174
17,SPEAKER_01,1268276,1268293
425,SPEAKER_00,1268293,1268718
288,SPEAKER_01,1268718,1269006
561,SPEAKER_00,1269006,1269567
34,SPEAKER_00,1270314,1270348
7742,SPEAKER_00,1270636,1278378
628,SPEAKER_01,1276001,1276629
390,SPEAKER_01,1277954,1278344
1409,SPEAKER_00,1278820,1280229
6792,SPEAKER_00,1280483,1287275
866,SPEAKER_01,1284728,1285594
4125,SPEAKER_00,1287869,1291994
577,SPEAKER_01,1292130,1292707
1765,SPEAKER_00,1292504,1294269
1189,SPEAKER_01,1293692,1294881
2734,SPEAKER_01,1295135,1297869
4821,SPEAKER_00,1297920,1302741
288,SPEAKER_01,1298752,1299040
882,SPEAKER_01,1302691,1303573
11171,SPEAKER_00,1304168,1315339
407,SPEAKER_01,1316171,1316578
1579,SPEAKER_00,1317088,1318667
390,SPEAKER_01,1318803,1319193
509,SPEAKER_00,1319923,1320432
8047,SPEAKER_00,1320942,1328989
526,SPEAKER_01,1325254,1325780
425,SPEAKER_01,1327359,1327784
340,SPEAKER_01,1328904,1329244
119,SPEAKER_00,1329006,1329125
51,SPEAKER_00,1329244,1329295
7267,SPEAKER_00,1329957,1337224
238,SPEAKER_01,1333981,1334219
289,SPEAKER_01,1335084,1335373
3973,SPEAKER_00,1337920,1341893
356,SPEAKER_01,1341893,1342249
12275,SPEAKER_00,1342538,1354813
510,SPEAKER_01,1345237,1345747
1155,SPEAKER_01,1354269,1355424
6791,SPEAKER_00,1355458,1362249
356,SPEAKER_01,1362351,1362707
4719,SPEAKER_00,1362674,1367393
391,SPEAKER_01,1367546,1367937
6197,SPEAKER_00,1368259,1374456
6791,SPEAKER_00,1375254,1382045
475,SPEAKER_01,1376935,1377410
306,SPEAKER_01,1382045,1382351
3480,SPEAKER_00,1382691,1386171
628,SPEAKER_01,1386171,1386799
6808,SPEAKER_00,1386969,1393777
968,SPEAKER_00,1393998,1394966
8167,SPEAKER_00,1395203,1403370
476,SPEAKER_01,1395984,1396460
442,SPEAKER_01,1397308,1397750
424,SPEAKER_01,1403302,1403726
34,SPEAKER_00,1403726,1403760
1222,SPEAKER_00,1403845,1405067
85,SPEAKER_01,1405067,1405152
1002,SPEAKER_00,1405118,1406120
187,SPEAKER_01,1405237,1405424
6554,SPEAKER_01,1406120,1412674
4295,SPEAKER_01,1414830,1419125
11205,SPEAKER_00,1419465,1430670
441,SPEAKER_01,1423896,1424337
408,SPEAKER_01,1425067,1425475
425,SPEAKER_00,1430704,1431129
255,SPEAKER_01,1430755,1431010
17,SPEAKER_01,1431027,1431044
7844,SPEAKER_00,1431247,1439091
407,SPEAKER_01,1436375,1436782
475,SPEAKER_01,1437818,1438293
764,SPEAKER_00,1439261,1440025
4125,SPEAKER_00,1440297,1444422
1002,SPEAKER_01,1444422,1445424
8370,SPEAKER_00,1445305,1453675
357,SPEAKER_01,1451994,1452351
2801,SPEAKER_01,1453421,1456222
357,SPEAKER_00,1456646,1457003
34,SPEAKER_00,1457190,1457224
152,SPEAKER_01,1457224,1457376
10238,SPEAKER_00,1458276,1468514
475,SPEAKER_01,1468531,1469006
17,SPEAKER_00,1469006,1469023
17,SPEAKER_01,1469023,1469040
34,SPEAKER_00,1469040,1469074
798,SPEAKER_00,1469838,1470636
2292,SPEAKER_01,1470280,1472572
7929,SPEAKER_00,1472707,1480636
390,SPEAKER_01,1478820,1479210
6112,SPEAKER_00,1481010,1487122
441,SPEAKER_01,1487054,1487495
3548,SPEAKER_00,1487750,1491298
561,SPEAKER_01,1491230,1491791
1647,SPEAKER_00,1491791,1493438
577,SPEAKER_01,1491825,1492402
2716,SPEAKER_00,1493964,1496680
373,SPEAKER_01,1496358,1496731
136,SPEAKER_00,1496731,1496867
12852,SPEAKER_00,1497784,1510636
374,SPEAKER_01,1506901,1507275
391,SPEAKER_01,1510636,1511027
34,SPEAKER_00,1510670,1510704
5671,SPEAKER_00,1511349,1517020
374,SPEAKER_01,1515322,1515696
305,SPEAKER_01,1517173,1517478
4210,SPEAKER_00,1518837,1523047
475,SPEAKER_01,1523421,1523896
2224,SPEAKER_00,1523845,1526069
2224,SPEAKER_01,1526239,1528463
4381,SPEAKER_00,1528904,1533285
441,SPEAKER_01,1533047,1533488
17,SPEAKER_00,1533488,1533505
713,SPEAKER_00,1533675,1534388
5178,SPEAKER_00,1534660,1539838
3107,SPEAKER_00,1540161,1543268
492,SPEAKER_01,1543387,1543879
2598,SPEAKER_00,1543777,1546375
1817,SPEAKER_01,1545780,1547597
2021,SPEAKER_00,1548293,1550314
13956,SPEAKER_00,1550806,1564762
306,SPEAKER_01,1556714,1557020
357,SPEAKER_01,1557563,1557920
10645,SPEAKER_00,1564932,1575577
408,SPEAKER_01,1575797,1576205
2547,SPEAKER_00,1576154,1578701
3379,SPEAKER_00,1579074,1582453
407,SPEAKER_01,1582436,1582843
9269,SPEAKER_00,1583455,1592724
391,SPEAKER_01,1592724,1593115
7793,SPEAKER_00,1593471,1601264
459,SPEAKER_01,1593726,1594185
509,SPEAKER_01,1599567,1600076
272,SPEAKER_01,1600874,1601146
1562,SPEAKER_00,1601689,1603251
899,SPEAKER_00,1603370,1604269
883,SPEAKER_00,1604388,1605271
24872,SPEAKER_00,1605526,1630398
645,SPEAKER_01,1607716,1608361
322,SPEAKER_01,1608752,1609074
1087,SPEAKER_01,1619278,1620365
356,SPEAKER_01,1630093,1630449
17,SPEAKER_00,1630449,1630466
5110,SPEAKER_00,1630908,1636018
407,SPEAKER_01,1635679,1636086
2207,SPEAKER_00,1637037,1639244
612,SPEAKER_00,1639702,1640314
10017,SPEAKER_00,1641027,1651044
560,SPEAKER_00,1651468,1652028
7453,SPEAKER_00,1652521,1659974
645,SPEAKER_01,1658752,1659397
442,SPEAKER_01,1659668,1660110
4737,SPEAKER_00,1660619,1665356
2054,SPEAKER_00,1665679,1667733
356,SPEAKER_01,1667852,1668208
17,SPEAKER_00,1668208,1668225
679,SPEAKER_00,1669482,1670161
3565,SPEAKER_01,1670331,1673896
15908,SPEAKER_00,1672487,1688395
340,SPEAKER_01,1677563,1677903
102,SPEAKER_01,1681213,1681315
442,SPEAKER_01,1681366,1681808
1087,SPEAKER_00,1688938,1690025
1273,SPEAKER_01,1690008,1691281
1494,SPEAKER_00,1691349,1692843
1188,SPEAKER_01,1692436,1693624
595,SPEAKER_00,1693624,1694219
2411,SPEAKER_01,1694117,1696528
8218,SPEAKER_00,1696782,1705000
356,SPEAKER_01,1704813,1705169
16553,SPEAKER_00,1705730,1722283
373,SPEAKER_01,1716188,1716561
628,SPEAKER_01,1716833,1717461
289,SPEAKER_01,1720042,1720331
407,SPEAKER_01,1721893,1722300
5416,SPEAKER_00,1722300,1727716
458,SPEAKER_00,1728616,1729074
5077,SPEAKER_00,1729685,1734762
271,SPEAKER_01,1731061,1731332
187,SPEAKER_01,1733777,1733964
17,SPEAKER_01,1733981,1733998
7589,SPEAKER_01,1734015,1741604
272,SPEAKER_00,1739991,1740263
7369,SPEAKER_00,1742147,1749516
5059,SPEAKER_00,1750144,1755203
2632,SPEAKER_01,1755203,1757835
3599,SPEAKER_00,1757920,1761519
7742,SPEAKER_00,1763030,1770772
153,SPEAKER_01,1765509,1765662
458,SPEAKER_01,1768480,1768938
323,SPEAKER_01,1770636,1770959
713,SPEAKER_00,1771434,1772147
3650,SPEAKER_00,1772232,1775882
968,SPEAKER_00,1776239,1777207
2411,SPEAKER_00,1777631,1780042
17,SPEAKER_00,1780280,1780297
3939,SPEAKER_00,1780738,1784677
967,SPEAKER_00,1784898,1785865
5501,SPEAKER_00,1786646,1792147
408,SPEAKER_01,1792147,1792555
34,SPEAKER_00,1792164,1792198
2615,SPEAKER_00,1793132,1795747
4448,SPEAKER_00,1796120,1800568
2954,SPEAKER_00,1801672,1804626
374,SPEAKER_01,1804490,1804864
9032,SPEAKER_00,1804966,1813998
255,SPEAKER_01,1805916,1806171
373,SPEAKER_01,1807750,1808123
3277,SPEAKER_00,1814422,1817699
391,SPEAKER_01,1817631,1818022
8710,SPEAKER_00,1818208,1826918
459,SPEAKER_01,1825101,1825560
408,SPEAKER_01,1826850,1827258
832,SPEAKER_00,1828191,1829023
13039,SPEAKER_00,1829550,1842589
4890,SPEAKER_00,1843183,1848073
1443,SPEAKER_00,1849006,1850449
68,SPEAKER_00,1850466,1850534
272,SPEAKER_01,1850534,1850806
102,SPEAKER_00,1850551,1850653
34,SPEAKER_00,1850806,1850840
645,SPEAKER_00,1851672,1852317
2564,SPEAKER_00,1852741,1855305
8896,SPEAKER_00,1855730,1864626
15229,SPEAKER_00,1865220,1880449
1171,SPEAKER_01,1866477,1867648
475,SPEAKER_01,1869278,1869753
2377,SPEAKER_00,1880823,1883200
10612,SPEAKER_00,1883607,1894219
3837,SPEAKER_00,1894711,1898548
1069,SPEAKER_00,1899329,1900398
407,SPEAKER_00,1901146,1901553
2122,SPEAKER_00,1901689,1903811
340,SPEAKER_01,1903573,1903913
17,SPEAKER_00,1903862,1903879
68,SPEAKER_00,1903896,1903964
6910,SPEAKER_00,1904134,1911044
5059,SPEAKER_00,1911791,1916850
305,SPEAKER_00,1917292,1917597
3837,SPEAKER_00,1917920,1921757
509,SPEAKER_01,1919940,1920449
425,SPEAKER_01,1921926,1922351
2411,SPEAKER_00,1922894,1925305
1103,SPEAKER_01,1924949,1926052
2971,SPEAKER_00,1925628,1928599
968,SPEAKER_01,1928497,1929465
916,SPEAKER_00,1930314,1931230
5722,SPEAKER_00,1931366,1937088
3022,SPEAKER_00,1937224,1940246
781,SPEAKER_01,1939617,1940398
170,SPEAKER_00,1940398,1940568
3090,SPEAKER_00,1941689,1944779
4346,SPEAKER_00,1944983,1949329
866,SPEAKER_00,1949702,1950568
204,SPEAKER_01,1950568,1950772
17,SPEAKER_00,1951179,1951196
68,SPEAKER_01,1951196,1951264
102,SPEAKER_00,1951264,1951366
34,SPEAKER_01,1951366,1951400
17,SPEAKER_00,1951400,1951417
4838,SPEAKER_00,1951808,1956646
6757,SPEAKER_00,1956799,1963556
357,SPEAKER_01,1959125,1959482
3158,SPEAKER_01,1963030,1966188
2428,SPEAKER_00,1965967,1968395
2343,SPEAKER_01,1967818,1970161
3871,SPEAKER_00,1970568,1974439
442,SPEAKER_01,1974269,1974711
1273,SPEAKER_00,1974524,1975797
3549,SPEAKER_00,1975984,1979533
527,SPEAKER_01,1977461,1977988
509,SPEAKER_01,1979397,1979906
968,SPEAKER_00,1979940,1980908
8744,SPEAKER_00,1981553,1990297
798,SPEAKER_01,1989838,1990636
5212,SPEAKER_00,1990789,1996001
391,SPEAKER_01,1995220,1995611
696,SPEAKER_00,1996765,1997461
2122,SPEAKER_00,1997716,1999838
20747,SPEAKER_01,1999838,2020585
4686,SPEAKER_01,2020959,2025645
11053,SPEAKER_01,2025984,2037037
12581,SPEAKER_01,2037801,2050382
6095,SPEAKER_01,2050636,2056731
255,SPEAKER_01,2057818,2058073
204,SPEAKER_01,2058531,2058735
917,SPEAKER_01,2059193,2060110
544,SPEAKER_00,2060432,2060976
17,SPEAKER_00,2061179,2061196
17,SPEAKER_01,2061196,2061213
17,SPEAKER_00,2061213,2061230
4737,SPEAKER_01,2061230,2065967
272,SPEAKER_00,2061247,2061519
51,SPEAKER_00,2064575,2064626
4788,SPEAKER_00,2066290,2071078
4278,SPEAKER_01,2070874,2075152
340,SPEAKER_00,2075288,2075628
3803,SPEAKER_01,2075288,2079091
3548,SPEAKER_00,2079329,2082877
6792,SPEAKER_01,2082045,2088837
561,SPEAKER_00,2089770,2090331
3871,SPEAKER_00,2092911,2096782
357,SPEAKER_01,2096663,2097020
458,SPEAKER_00,2097903,2098361
2292,SPEAKER_00,2098514,2100806
238,SPEAKER_01,2100806,2101044
7742,SPEAKER_00,2100959,2108701
17,SPEAKER_01,2101095,2101112
1188,SPEAKER_01,2107733,2108921
2802,SPEAKER_00,2109668,2112470
390,SPEAKER_00,2113132,2113522
1444,SPEAKER_00,2114303,2115747
5212,SPEAKER_01,2115747,2120959
6978,SPEAKER_00,2121400,2128378
17,SPEAKER_00,2128395,2128412
323,SPEAKER_01,2128412,2128735
2479,SPEAKER_00,2129091,2131570
6265,SPEAKER_00,2132198,2138463
374,SPEAKER_01,2135933,2136307
7249,SPEAKER_00,2138548,2145797
509,SPEAKER_01,2143421,2143930
2020,SPEAKER_01,2145390,2147410
3786,SPEAKER_00,2147597,2151383
3684,SPEAKER_00,2152657,2156341
425,SPEAKER_01,2156001,2156426
1969,SPEAKER_00,2156426,2158395
3973,SPEAKER_00,2158514,2162487
849,SPEAKER_01,2162487,2163336
458,SPEAKER_00,2163862,2164320
7454,SPEAKER_01,2164286,2171740
747,SPEAKER_00,2170976,2171723
68,SPEAKER_00,2171740,2171808
6180,SPEAKER_00,2172198,2178378
408,SPEAKER_01,2173471,2173879
1188,SPEAKER_00,2178616,2179804
3599,SPEAKER_01,2179431,2183030
8183,SPEAKER_00,2183081,2191264
2139,SPEAKER_01,2190059,2192198
764,SPEAKER_00,2192843,2193607
5246,SPEAKER_00,2193998,2199244
5076,SPEAKER_01,2199244,2204320
475,SPEAKER_00,2200297,2200772
425,SPEAKER_00,2201434,2201859
899,SPEAKER_00,2205000,2205899
3175,SPEAKER_00,2206409,2209584
408,SPEAKER_01,2209108,2209516
1392,SPEAKER_00,2210025,2211417
340,SPEAKER_01,2210772,2211112
4227,SPEAKER_00,2211723,2215950
5042,SPEAKER_00,2216358,2221400
357,SPEAKER_01,2221332,2221689
51,SPEAKER_00,2221689,2221740
15008,SPEAKER_00,2222334,2237342
374,SPEAKER_01,2231451,2231825
2802,SPEAKER_00,2237529,2240331
4873,SPEAKER_01,2240602,2245475
4805,SPEAKER_00,2245526,2250331
849,SPEAKER_01,2249855,2250704
237,SPEAKER_00,2250365,2250602
2037,SPEAKER_00,2250755,2252792
10985,SPEAKER_00,2252894,2263879
442,SPEAKER_01,2256765,2257207
1392,SPEAKER_01,2257869,2259261
832,SPEAKER_01,2263590,2264422
1477,SPEAKER_00,2264575,2266052
526,SPEAKER_01,2266392,2266918
713,SPEAKER_00,2267122,2267835
4941,SPEAKER_00,2268242,2273183
322,SPEAKER_01,2273183,2273505
306,SPEAKER_00,2273505,2273811
17,SPEAKER_01,2273811,2273828
51,SPEAKER_00,2273828,2273879
136,SPEAKER_01,2273879,2274015
628,SPEAKER_00,2273947,2274575
4974,SPEAKER_00,2274779,2279753
4347,SPEAKER_01,2279040,2283387
5365,SPEAKER_00,2283539,2288904
442,SPEAKER_01,2286748,2287190
2258,SPEAKER_00,2289312,2291570
916,SPEAKER_01,2291044,2291960
356,SPEAKER_00,2292674,2293030
492,SPEAKER_01,2293081,2293573
4295,SPEAKER_00,2293879,2298174
527,SPEAKER_01,2295865,2296392
5365,SPEAKER_00,2298582,2303947
10068,SPEAKER_00,2304100,2314168
425,SPEAKER_01,2305067,2305492
458,SPEAKER_01,2312521,2312979
339,SPEAKER_01,2314032,2314371
577,SPEAKER_00,2314507,2315084
5026,SPEAKER_00,2315254,2320280
408,SPEAKER_01,2319821,2320229
3497,SPEAKER_00,2320857,2324354
13175,SPEAKER_01,2324269,2337444
730,SPEAKER_00,2330263,2330993
34,SPEAKER_00,2331010,2331044
3141,SPEAKER_00,2334864,2338005
3090,SPEAKER_01,2338005,2341095
340,SPEAKER_00,2338259,2338599
51,SPEAKER_00,2338684,2338735
3413,SPEAKER_00,2338938,2342351
15993,SPEAKER_01,2343013,2359006
6588,SPEAKER_01,2359651,2366239
968,SPEAKER_00,2367631,2368599
8981,SPEAKER_01,2368548,2377529
1273,SPEAKER_00,2373777,2375050
5620,SPEAKER_00,2376256,2381876
1902,SPEAKER_01,2379940,2381842
458,SPEAKER_01,2381876,2382334
136,SPEAKER_00,2382334,2382470
2054,SPEAKER_00,2383183,2385237
14754,SPEAKER_01,2385237,2399991
8607,SPEAKER_00,2399584,2408191
577,SPEAKER_01,2401383,2401960
221,SPEAKER_01,2403896,2404117
20289,SPEAKER_01,2407325,2427614
135,SPEAKER_00,2418786,2418921
203,SPEAKER_00,2419533,2419736
5620,SPEAKER_00,2427716,2433336
3413,SPEAKER_00,2433607,2437020
475,SPEAKER_01,2434983,2435458
475,SPEAKER_01,2435628,2436103
3379,SPEAKER_00,2437308,2440687
2818,SPEAKER_01,2440280,2443098
459,SPEAKER_00,2441400,2441859
3514,SPEAKER_01,2443964,2447478
9032,SPEAKER_00,2447512,2456544
832,SPEAKER_01,2454898,2455730
646,SPEAKER_01,2456544,2457190
1511,SPEAKER_00,2457241,2458752
458,SPEAKER_01,2458599,2459057
8268,SPEAKER_00,2459057,2467325
441,SPEAKER_01,2463353,2463794
29678,SPEAKER_01,2466561,2496239
272,SPEAKER_00,2480755,2481027
119,SPEAKER_00,2494388,2494507
6673,SPEAKER_00,2496748,2503421
475,SPEAKER_01,2500042,2500517
1103,SPEAKER_01,2502436,2503539
4143,SPEAKER_00,2503573,2507716
1800,SPEAKER_01,2507580,2509380
3446,SPEAKER_00,2510212,2513658
4907,SPEAKER_01,2513607,2518514
747,SPEAKER_00,2519159,2519906
7538,SPEAKER_00,2519991,2527529
4550,SPEAKER_01,2526629,2531179
204,SPEAKER_00,2529057,2529261
5196,SPEAKER_01,2531281,2536477
1834,SPEAKER_01,2536612,2538446
356,SPEAKER_00,2538514,2538870
35009,SPEAKER_01,2538870,2573879
11494,SPEAKER_00,2574303,2585797
15229,SPEAKER_01,2584983,2600212
2733,SPEAKER_00,2592589,2595322
9066,SPEAKER_00,2600314,2609380
373,SPEAKER_01,2607954,2608327
6944,SPEAKER_01,2609363,2616307
1036,SPEAKER_00,2616595,2617631
3548,SPEAKER_01,2617767,2621315
476,SPEAKER_00,2621264,2621740
4703,SPEAKER_01,2622792,2627495
7963,SPEAKER_00,2627665,2635628
441,SPEAKER_01,2632606,2633047
1137,SPEAKER_01,2635526,2636663
391,SPEAKER_00,2637529,2637920
7912,SPEAKER_00,2638497,2646409
424,SPEAKER_01,2646409,2646833
34,SPEAKER_00,2646426,2646460
1511,SPEAKER_00,2647156,2648667
2003,SPEAKER_00,2649227,2651230
356,SPEAKER_01,2650908,2651264
1359,SPEAKER_00,2651264,2652623
1409,SPEAKER_01,2652334,2653743
4126,SPEAKER_01,2655407,2659533
8047,SPEAKER_00,2660976,2669023
458,SPEAKER_01,2664966,2665424
4313,SPEAKER_01,2668938,2673251
5874,SPEAKER_00,2673370,2679244
6486,SPEAKER_01,2678921,2685407
6299,SPEAKER_00,2685967,2692266
3921,SPEAKER_00,2692674,2696595
391,SPEAKER_01,2696035,2696426
5620,SPEAKER_00,2696952,2702572
459,SPEAKER_01,2701281,2701740
10696,SPEAKER_01,2703421,2714117
696,SPEAKER_01,2715305,2716001
2751,SPEAKER_01,2716816,2719567
1239,SPEAKER_01,2719957,2721196
3345,SPEAKER_01,2721519,2724864
5841,SPEAKER_01,2725135,2730976
2275,SPEAKER_01,2731349,2733624
5297,SPEAKER_01,2734100,2739397
4159,SPEAKER_00,2740144,2744303
17,SPEAKER_01,2741587,2741604
1460,SPEAKER_00,2744541,2746001
578,SPEAKER_01,2745848,2746426
11154,SPEAKER_00,2746205,2757359
1206,SPEAKER_01,2757325,2758531
1460,SPEAKER_00,2758531,2759991
8132,SPEAKER_00,2760246,2768378
611,SPEAKER_00,2768701,2769312
561,SPEAKER_00,2769617,2770178
3515,SPEAKER_00,2770483,2773998
560,SPEAKER_01,2773998,2774558
6621,SPEAKER_00,2774660,2781281
10459,SPEAKER_00,2782113,2792572
594,SPEAKER_01,2792130,2792724
17,SPEAKER_00,2792724,2792741
8353,SPEAKER_00,2793183,2801536
781,SPEAKER_01,2802096,2802877
2377,SPEAKER_00,2803183,2805560
7233,SPEAKER_00,2805882,2813115
1223,SPEAKER_01,2811162,2812385
5977,SPEAKER_00,2813573,2819550
356,SPEAKER_01,2816324,2816680
4550,SPEAKER_00,2819889,2824439
425,SPEAKER_01,2824371,2824796
3140,SPEAKER_00,2824966,2828106
1613,SPEAKER_01,2827088,2828701
9932,SPEAKER_00,2829719,2839651
4889,SPEAKER_01,2838005,2842894
186,SPEAKER_00,2840382,2840568
645,SPEAKER_00,2840636,2841281
7810,SPEAKER_00,2842894,2850704
391,SPEAKER_01,2842911,2843302
305,SPEAKER_01,2843370,2843675
2004,SPEAKER_01,2850500,2852504
2699,SPEAKER_00,2852436,2855135
7317,SPEAKER_01,2854847,2862164
4024,SPEAKER_00,2862436,2866460
543,SPEAKER_01,2866154,2866697
3260,SPEAKER_00,2866544,2869804
4856,SPEAKER_01,2868259,2873115
7488,SPEAKER_00,2872843,2880331
458,SPEAKER_01,2873166,2873624
390,SPEAKER_01,2877224,2877614
5875,SPEAKER_01,2880432,2886307
900,SPEAKER_00,2884524,2885424
136,SPEAKER_00,2886001,2886137
747,SPEAKER_00,2886188,2886935
68,SPEAKER_01,2886714,2886782
51,SPEAKER_01,2886935,2886986
1579,SPEAKER_00,2886986,2888565
1596,SPEAKER_01,2888565,2890161
2716,SPEAKER_00,2890348,2893064
4125,SPEAKER_01,2891825,2895950
17,SPEAKER_01,2895967,2895984
17,SPEAKER_00,2895984,2896001
